# relative_time, cycles_done, cur_item, corpus_count, pending_total, pending_favs, map_size, saved_crashes, saved_hangs, max_depth, execs_per_sec, total_execs, edges_found, total_crashes, servers_count
60, 0, 0, 73, 69, 6, 11.13%, 0, 0, 2, 351.48, 22075, 694, 0, 0
65, 0, 0, 73, 69, 6, 11.13%, 0, 0, 2, 355.83, 23888, 694, 0, 0
71, 0, 0, 73, 69, 6, 11.13%, 0, 0, 2, 357.27, 25715, 694, 0, 0
76, 0, 0, 73, 69, 6, 11.13%, 0, 0, 2, 357.65, 27549, 694, 0, 0
81, 0, 0, 73, 69, 6, 11.13%, 0, 0, 2, 353.26, 29334, 694, 0, 0
86, 0, 0, 74, 70, 6, 11.13%, 0, 0, 2, 323.78, 30895, 694, 0, 0
91, 0, 0, 74, 70, 6, 11.13%, 0, 0, 2, 323.80, 32515, 694, 0, 0
96, 0, 0, 74, 70, 6, 11.13%, 0, 0, 2, 342.80, 34249, 694, 0, 0
101, 0, 0, 74, 70, 6, 11.13%, 0, 0, 2, 344.60, 35977, 694, 0, 0
106, 0, 0, 75, 71, 6, 11.13%, 0, 0, 2, 357.64, 37825, 694, 0, 0
111, 0, 0, 76, 72, 6, 11.13%, 0, 0, 2, 355.20, 39603, 694, 0, 0
116, 0, 0, 77, 73, 6, 11.13%, 0, 0, 2, 356.23, 41416, 694, 0, 0
121, 0, 0, 77, 73, 6, 11.13%, 0, 0, 2, 353.67, 43187, 694, 0, 0
126, 0, 0, 77, 73, 6, 11.13%, 0, 0, 2, 356.69, 45021, 694, 0, 0
131, 0, 0, 78, 74, 6, 11.13%, 0, 0, 2, 354.02, 46778, 694, 0, 0
136, 0, 0, 78, 74, 6, 11.13%, 0, 0, 2, 354.68, 48598, 694, 0, 0
142, 0, 0, 80, 76, 6, 11.13%, 0, 0, 2, 355.40, 50397, 694, 0, 0
147, 0, 0, 81, 77, 6, 11.15%, 0, 0, 2, 360.26, 52245, 695, 0, 0
152, 0, 1, 82, 77, 32, 11.15%, 0, 0, 2, 353.39, 54146, 695, 0, 0
157, 0, 1, 94, 89, 32, 11.24%, 0, 0, 2, 345.36, 55891, 701, 0, 0
162, 0, 1, 97, 92, 32, 11.26%, 0, 0, 2, 353.76, 57696, 702, 0, 0
167, 0, 1, 97, 92, 32, 11.26%, 0, 0, 2, 352.99, 59467, 702, 0, 0
172, 0, 1, 97, 92, 32, 11.26%, 0, 0, 2, 352.46, 61245, 702, 0, 0
177, 0, 1, 97, 92, 32, 11.26%, 0, 0, 2, 348.94, 63037, 702, 0, 0
182, 0, 1, 97, 92, 32, 11.26%, 0, 0, 2, 342.14, 64724, 702, 0, 0
188, 0, 1, 97, 92, 32, 11.26%, 0, 0, 2, 342.21, 66506, 702, 0, 0
193, 0, 7, 98, 92, 34, 11.26%, 0, 0, 2, 343.41, 68432, 702, 0, 0
198, 0, 7, 159, 153, 34, 12.59%, 0, 0, 2, 332.62, 70121, 785, 0, 0
203, 0, 7, 168, 162, 34, 12.80%, 0, 0, 2, 326.30, 71766, 798, 0, 0
208, 0, 7, 178, 172, 34, 12.93%, 0, 0, 2, 308.42, 73210, 806, 0, 0
213, 0, 7, 183, 177, 34, 13.04%, 0, 0, 2, 348.21, 75021, 813, 0, 0
219, 0, 7, 187, 181, 34, 13.09%, 0, 0, 2, 356.28, 76867, 816, 0, 0
224, 0, 7, 189, 183, 34, 13.12%, 0, 0, 2, 337.28, 78549, 818, 0, 0
229, 0, 7, 189, 183, 34, 13.12%, 0, 0, 2, 358.50, 80374, 818, 0, 0
234, 0, 8, 191, 184, 87, 13.14%, 0, 0, 2, 363.81, 82212, 819, 0, 0
239, 0, 8, 230, 223, 87, 14.31%, 0, 0, 2, 345.51, 83954, 892, 0, 0
244, 0, 8, 239, 232, 87, 14.39%, 0, 0, 2, 342.62, 85685, 897, 0, 0
249, 0, 8, 243, 236, 87, 14.39%, 0, 0, 2, 341.45, 87405, 897, 0, 0
254, 0, 8, 244, 237, 87, 14.39%, 0, 0, 2, 340.67, 89134, 897, 0, 0
259, 0, 8, 245, 238, 87, 14.40%, 0, 0, 2, 340.35, 90851, 898, 0, 0
264, 0, 8, 245, 238, 87, 14.40%, 0, 0, 2, 341.52, 92579, 898, 0, 0
269, 0, 8, 248, 241, 87, 14.48%, 0, 0, 2, 339.83, 94298, 903, 0, 0
274, 0, 8, 249, 242, 87, 14.48%, 0, 0, 2, 341.36, 96027, 903, 0, 0
279, 0, 10, 254, 246, 105, 14.50%, 0, 0, 2, 359.90, 97902, 904, 0, 0
285, 0, 12, 261, 252, 106, 14.50%, 0, 0, 2, 358.45, 99924, 904, 0, 0
290, 0, 12, 267, 258, 106, 14.50%, 0, 0, 2, 369.81, 101849, 904, 0, 0
295, 0, 12, 268, 259, 106, 14.50%, 0, 0, 2, 371.37, 103774, 904, 0, 0
301, 0, 12, 269, 260, 106, 14.51%, 0, 0, 2, 372.52, 105699, 905, 0, 0
306, 0, 12, 269, 260, 106, 14.51%, 0, 0, 2, 373.03, 107624, 905, 0, 0
311, 0, 12, 269, 260, 106, 14.51%, 0, 0, 2, 372.52, 109549, 905, 0, 0
316, 0, 12, 269, 260, 106, 14.51%, 0, 0, 2, 372.90, 111474, 905, 0, 0
321, 0, 66, 269, 258, 106, 14.51%, 0, 0, 2, 372.86, 113364, 905, 0, 0
327, 0, 50, 269, 247, 95, 14.51%, 0, 0, 2, 376.45, 115535, 905, 0, 0
332, 0, 71, 272, 244, 89, 14.51%, 0, 0, 3, 375.33, 117461, 905, 0, 0
337, 0, 103, 275, 243, 87, 14.53%, 0, 0, 3, 340.82, 119202, 906, 0, 0
344, 0, 104, 276, 243, 86, 14.53%, 0, 0, 3, 340.61, 121673, 906, 0, 0
349, 0, 105, 281, 247, 86, 14.53%, 0, 0, 3, 341.35, 123389, 906, 0, 0
354, 0, 234, 281, 245, 84, 14.53%, 0, 0, 3, 350.30, 125209, 906, 0, 0
359, 0, 234, 283, 247, 84, 14.55%, 0, 0, 3, 342.45, 126985, 907, 0, 0
364, 0, 234, 284, 248, 84, 14.56%, 0, 0, 3, 353.67, 128768, 908, 0, 0
369, 0, 231, 284, 245, 83, 14.56%, 0, 0, 3, 357.57, 130602, 908, 0, 0
375, 0, 112, 284, 244, 82, 14.56%, 0, 0, 3, 362.93, 132498, 908, 0, 0
380, 0, 117, 285, 241, 78, 14.56%, 0, 0, 3, 357.28, 134350, 908, 0, 0
385, 0, 149, 285, 238, 75, 14.56%, 0, 0, 3, 358.49, 136199, 908, 0, 0
390, 0, 135, 285, 229, 66, 14.56%, 0, 0, 3, 364.88, 138025, 908, 0, 0
395, 0, 150, 285, 219, 56, 14.56%, 0, 0, 3, 367.73, 139961, 908, 0, 0
400, 0, 161, 286, 212, 49, 14.56%, 0, 0, 3, 364.62, 141774, 908, 0, 0
405, 0, 167, 286, 208, 45, 14.56%, 0, 0, 3, 364.48, 143649, 908, 0, 0
410, 0, 183, 288, 201, 38, 14.60%, 0, 0, 3, 363.89, 145479, 910, 0, 0
415, 0, 196, 288, 194, 31, 14.60%, 0, 0, 3, 359.70, 147296, 910, 0, 0
420, 0, 244, 290, 195, 30, 14.64%, 0, 0, 3, 353.65, 149055, 913, 0, 0
425, 0, 225, 290, 193, 30, 14.64%, 0, 0, 3, 351.89, 150863, 913, 0, 0
431, 0, 205, 290, 188, 26, 14.64%, 0, 0, 3, 355.77, 152668, 913, 0, 0
436, 0, 273, 297, 192, 23, 14.64%, 0, 0, 4, 355.05, 154463, 913, 0, 0
441, 0, 273, 298, 193, 23, 14.64%, 0, 0, 4, 362.25, 156311, 913, 0, 0
446, 0, 216, 298, 192, 23, 14.64%, 0, 0, 4, 362.90, 158269, 913, 0, 0
451, 0, 242, 300, 189, 20, 14.66%, 0, 0, 4, 362.80, 160082, 914, 0, 0
456, 0, 247, 302, 187, 17, 14.66%, 0, 0, 4, 357.39, 161936, 914, 0, 0
462, 0, 256, 302, 184, 14, 14.66%, 0, 0, 4, 368.53, 163988, 914, 0, 0
467, 0, 278, 303, 179, 9, 14.68%, 0, 0, 5, 364.61, 165834, 915, 0, 0
472, 0, 302, 306, 174, 3, 14.76%, 0, 0, 5, 356.03, 167610, 920, 0, 0
477, 0, 149, 306, 168, 0, 14.76%, 0, 0, 5, 355.31, 169450, 920, 0, 0
482, 0, 259, 307, 168, 0, 14.76%, 0, 0, 5, 356.61, 171303, 920, 0, 0
487, 0, 18, 308, 167, 0, 14.76%, 0, 0, 5, 358.69, 173115, 920, 0, 0
492, 0, 78, 308, 164, 0, 14.76%, 0, 0, 5, 364.25, 175002, 920, 0, 0
498, 0, 222, 309, 162, 0, 14.79%, 0, 0, 5, 366.47, 176923, 922, 0, 0
503, 0, 124, 309, 161, 0, 14.79%, 0, 0, 5, 366.64, 178792, 922, 0, 0
508, 0, 112, 309, 159, 0, 14.79%, 0, 0, 5, 370.70, 180656, 922, 0, 0
513, 0, 242, 309, 156, 0, 14.79%, 0, 0, 5, 366.03, 182498, 922, 0, 0
518, 0, 303, 309, 156, 0, 14.79%, 0, 0, 5, 361.30, 184380, 922, 0, 0
523, 0, 227, 311, 158, 0, 14.79%, 0, 0, 5, 362.55, 186197, 922, 0, 0
528, 0, 34, 312, 157, 0, 14.79%, 0, 0, 5, 358.04, 188027, 922, 0, 0
533, 0, 302, 312, 157, 0, 14.79%, 0, 0, 5, 357.82, 189895, 922, 0, 0
538, 0, 312, 313, 156, 0, 14.80%, 0, 0, 5, 347.61, 191681, 923, 0, 0
543, 0, 286, 314, 156, 0, 14.82%, 0, 0, 5, 356.19, 193538, 924, 0, 0
548, 1, 224, 315, 153, 0, 14.84%, 0, 0, 5, 347.79, 195305, 925, 0, 0
554, 1, 222, 317, 150, 0, 14.84%, 0, 0, 5, 361.08, 197153, 925, 0, 0
561, 1, 300, 317, 145, 0, 14.84%, 0, 0, 5, 361.47, 199688, 925, 0, 0
566, 1, 304, 317, 140, 0, 14.84%, 0, 0, 5, 353.85, 201486, 925, 0, 0
571, 1, 219, 319, 141, 0, 14.84%, 0, 0, 5, 354.94, 203291, 925, 0, 0
576, 1, 320, 321, 140, 0, 14.87%, 0, 0, 5, 358.28, 205102, 927, 0, 0
581, 1, 238, 322, 139, 0, 14.87%, 0, 0, 5, 366.29, 207056, 927, 0, 0
586, 1, 41, 322, 133, 0, 14.87%, 0, 0, 5, 371.82, 208924, 927, 0, 0
591, 1, 197, 322, 129, 0, 14.87%, 0, 0, 5, 368.46, 210758, 927, 0, 0
596, 1, 3, 323, 129, 0, 14.87%, 0, 0, 5, 369.07, 212686, 927, 0, 0
601, 1, 3, 329, 135, 0, 14.92%, 0, 0, 5, 366.21, 214520, 930, 0, 0
606, 1, 3, 331, 137, 0, 14.92%, 0, 0, 5, 366.94, 216368, 930, 0, 0
611, 1, 3, 333, 139, 0, 14.92%, 0, 0, 5, 367.12, 218216, 930, 0, 0
616, 1, 3, 336, 142, 0, 14.93%, 0, 0, 5, 365.79, 220057, 931, 0, 0
622, 1, 3, 336, 142, 0, 14.93%, 0, 0, 5, 365.21, 221905, 931, 0, 0
627, 1, 323, 337, 141, 5, 14.93%, 0, 0, 5, 366.87, 223877, 931, 0, 0
633, 1, 197, 337, 134, 0, 14.93%, 0, 0, 5, 363.23, 226167, 931, 0, 0
638, 1, 169, 338, 132, 0, 14.93%, 0, 0, 5, 368.03, 228013, 931, 0, 0
643, 1, 265, 340, 129, 0, 14.95%, 0, 0, 5, 361.84, 229828, 932, 0, 0
648, 1, 211, 341, 125, 0, 14.95%, 0, 0, 5, 362.93, 231660, 932, 0, 0
653, 1, 247, 341, 123, 0, 14.95%, 0, 0, 5, 363.98, 233484, 932, 0, 0
658, 1, 64, 342, 123, 0, 14.95%, 0, 0, 5, 362.36, 235317, 932, 0, 0
664, 1, 275, 342, 119, 0, 14.95%, 0, 0, 5, 366.65, 237237, 932, 0, 0
669, 1, 256, 342, 115, 0, 14.95%, 0, 0, 5, 364.58, 239066, 932, 0, 0
675, 1, 257, 342, 114, 0, 14.95%, 0, 0, 5, 370.09, 241525, 932, 0, 0
680, 1, 228, 343, 110, 0, 14.95%, 0, 0, 6, 365.91, 243427, 932, 0, 0
685, 1, 175, 343, 106, 0, 14.95%, 0, 0, 6, 368.97, 245280, 932, 0, 0
691, 1, 329, 343, 102, 0, 14.95%, 0, 0, 6, 369.46, 247194, 932, 0, 0
696, 1, 326, 343, 99, 0, 14.95%, 0, 0, 6, 349.21, 248947, 932, 0, 0
701, 1, 343, 344, 97, 1, 14.95%, 0, 0, 6, 351.72, 250645, 932, 0, 0
706, 1, 316, 346, 95, 0, 15.01%, 0, 0, 6, 366.02, 252519, 936, 0, 0
711, 1, 309, 347, 94, 0, 15.01%, 0, 0, 6, 373.41, 254463, 936, 0, 0
716, 1, 315, 347, 93, 0, 15.01%, 0, 0, 6, 366.94, 256346, 936, 0, 0
721, 1, 111, 348, 89, 0, 15.01%, 0, 0, 6, 365.03, 258184, 936, 0, 0
726, 1, 314, 348, 87, 0, 15.01%, 0, 0, 6, 368.60, 260031, 936, 0, 0
731, 1, 40, 348, 85, 0, 15.01%, 0, 0, 6, 370.37, 261885, 936, 0, 0
736, 1, 339, 348, 83, 0, 15.01%, 0, 0, 6, 368.68, 263755, 936, 0, 0
741, 2, 339, 350, 82, 0, 15.01%, 0, 0, 6, 364.23, 265571, 936, 0, 0
746, 2, 319, 351, 81, 0, 15.01%, 0, 0, 6, 367.46, 267492, 936, 0, 0
751, 2, 231, 351, 77, 0, 15.01%, 0, 0, 6, 351.85, 269268, 936, 0, 0
757, 2, 124, 351, 75, 0, 15.01%, 0, 0, 6, 333.82, 270998, 936, 0, 0
762, 2, 346, 351, 75, 0, 15.01%, 0, 0, 6, 352.19, 272801, 936, 0, 0
767, 2, 196, 351, 73, 0, 15.01%, 0, 0, 6, 360.97, 274707, 936, 0, 0
772, 2, 155, 352, 73, 0, 15.01%, 0, 0, 6, 354.61, 276483, 936, 0, 0
777, 2, 351, 353, 74, 0, 15.01%, 0, 0, 6, 362.94, 278333, 936, 0, 0
782, 2, 196, 355, 74, 0, 15.01%, 0, 0, 6, 345.69, 280045, 936, 0, 0
787, 2, 59, 357, 75, 0, 15.03%, 0, 0, 6, 344.14, 281793, 937, 0, 0
792, 2, 314, 359, 75, 0, 15.03%, 0, 0, 6, 347.58, 283585, 937, 0, 0
797, 2, 267, 359, 74, 0, 15.03%, 0, 0, 6, 342.82, 285350, 937, 0, 0
802, 2, 39, 359, 71, 0, 15.03%, 0, 0, 6, 341.33, 287131, 937, 0, 0
808, 2, 300, 362, 73, 0, 15.03%, 0, 0, 6, 343.37, 288853, 937, 0, 0
813, 2, 362, 363, 73, 1, 15.04%, 0, 0, 6, 347.74, 290603, 938, 0, 0
818, 2, 348, 363, 71, 0, 15.04%, 0, 0, 6, 350.86, 292451, 938, 0, 0
823, 2, 329, 363, 70, 0, 15.04%, 0, 0, 6, 344.76, 294161, 938, 0, 0
828, 2, 353, 363, 70, 0, 15.04%, 0, 0, 6, 358.05, 296014, 938, 0, 0
833, 2, 352, 363, 69, 0, 15.04%, 0, 0, 6, 366.14, 297863, 938, 0, 0
838, 2, 355, 363, 67, 0, 15.04%, 0, 0, 6, 359.87, 299743, 938, 0, 0
843, 2, 149, 364, 67, 0, 15.04%, 0, 0, 6, 360.55, 301566, 938, 0, 0
848, 2, 216, 366, 68, 0, 15.04%, 0, 0, 6, 358.71, 303389, 938, 0, 0
854, 2, 344, 368, 69, 0, 15.06%, 0, 0, 6, 362.93, 305397, 939, 0, 0
859, 2, 286, 368, 68, 0, 15.06%, 0, 0, 6, 367.10, 307250, 939, 0, 0
864, 2, 149, 368, 68, 0, 15.06%, 0, 0, 6, 368.90, 309115, 939, 0, 0
870, 2, 175, 368, 68, 0, 15.06%, 0, 0, 6, 367.65, 311395, 939, 0, 0
875, 2, 12, 369, 69, 0, 15.06%, 0, 0, 6, 363.58, 313293, 939, 0, 0
880, 2, 302, 369, 66, 0, 15.06%, 0, 0, 6, 363.50, 315132, 939, 0, 0
885, 2, 358, 379, 76, 0, 15.06%, 0, 0, 6, 365.15, 316967, 939, 0, 0
890, 2, 358, 381, 78, 0, 15.06%, 0, 0, 6, 365.71, 318815, 939, 0, 0
895, 2, 358, 383, 80, 0, 15.06%, 0, 0, 6, 365.61, 320663, 939, 0, 0
900, 2, 358, 383, 80, 0, 15.06%, 0, 0, 6, 364.96, 322511, 939, 0, 0
905, 2, 358, 384, 81, 0, 15.06%, 0, 0, 6, 363.31, 324331, 939, 0, 0
910, 2, 358, 384, 81, 0, 15.06%, 0, 0, 6, 365.10, 326179, 939, 0, 0
915, 2, 358, 384, 81, 0, 15.06%, 0, 0, 6, 365.99, 328027, 939, 0, 0
921, 2, 381, 386, 81, 2, 15.06%, 0, 0, 6, 366.76, 329983, 939, 0, 0
926, 2, 381, 390, 85, 2, 15.06%, 0, 0, 6, 366.65, 331822, 939, 0, 0
931, 2, 381, 390, 85, 2, 15.06%, 0, 0, 6, 369.36, 333747, 939, 0, 0
936, 2, 381, 390, 85, 2, 15.06%, 0, 0, 6, 368.08, 335595, 939, 0, 0
941, 2, 381, 391, 86, 2, 15.06%, 0, 0, 6, 367.83, 337443, 939, 0, 0
946, 2, 381, 391, 86, 2, 15.06%, 0, 0, 6, 368.03, 339291, 939, 0, 0
951, 2, 381, 391, 86, 2, 15.06%, 0, 0, 6, 368.78, 341216, 939, 0, 0
956, 2, 381, 392, 87, 2, 15.06%, 0, 0, 6, 366.53, 343064, 939, 0, 0
962, 2, 184, 392, 85, 1, 15.06%, 0, 0, 6, 364.10, 345188, 939, 0, 0
967, 2, 300, 392, 83, 0, 15.06%, 0, 0, 6, 363.37, 347060, 939, 0, 0
972, 2, 288, 392, 81, 0, 15.06%, 0, 0, 6, 363.10, 348877, 939, 0, 0
977, 2, 167, 392, 79, 0, 15.06%, 0, 0, 6, 365.85, 350712, 939, 0, 0
982, 2, 374, 392, 78, 0, 15.06%, 0, 0, 6, 368.23, 352557, 939, 0, 0
988, 2, 218, 392, 75, 0, 15.06%, 0, 0, 6, 368.52, 354479, 939, 0, 0
993, 2, 388, 392, 74, 0, 15.06%, 0, 0, 6, 367.36, 356349, 939, 0, 0
998, 2, 388, 394, 76, 0, 15.06%, 0, 0, 7, 358.65, 358172, 939, 0, 0
1003, 3, 356, 395, 76, 0, 15.06%, 0, 0, 7, 355.75, 360001, 939, 0, 0
1008, 3, 95, 395, 75, 0, 15.06%, 0, 0, 7, 361.99, 361840, 939, 0, 0
1013, 3, 355, 395, 75, 0, 15.06%, 0, 0, 7, 357.27, 363637, 939, 0, 0
1018, 3, 270, 395, 74, 0, 15.06%, 0, 0, 7, 363.53, 365524, 939, 0, 0
1023, 3, 178, 395, 73, 0, 15.06%, 0, 0, 7, 365.18, 367378, 939, 0, 0
1028, 3, 385, 396, 72, 0, 15.06%, 0, 0, 7, 366.51, 369215, 939, 0, 0
1033, 3, 395, 398, 73, 0, 15.06%, 0, 0, 7, 366.68, 371065, 939, 0, 0
1038, 3, 379, 398, 72, 0, 15.06%, 0, 0, 7, 367.24, 372938, 939, 0, 0
1043, 3, 226, 398, 72, 0, 15.06%, 0, 0, 7, 365.63, 374769, 939, 0, 0
1048, 3, 322, 399, 72, 0, 15.06%, 0, 0, 7, 365.97, 376632, 939, 0, 0
1055, 3, 242, 400, 72, 0, 15.06%, 0, 0, 7, 368.16, 379154, 939, 0, 0
1060, 3, 359, 400, 72, 0, 15.06%, 0, 0, 7, 351.83, 380918, 939, 0, 0
1065, 3, 282, 401, 71, 0, 15.06%, 0, 0, 7, 359.31, 382737, 939, 0, 0
1070, 3, 22, 401, 70, 0, 15.06%, 0, 0, 7, 343.95, 384453, 939, 0, 0
1076, 3, 245, 401, 69, 0, 15.06%, 0, 0, 7, 339.38, 386436, 939, 0, 0
1081, 3, 323, 401, 67, 0, 15.06%, 0, 0, 7, 343.88, 388158, 939, 0, 0
1086, 3, 392, 401, 67, 0, 15.06%, 0, 0, 7, 340.45, 389885, 939, 0, 0
1092, 3, 303, 401, 65, 0, 15.06%, 0, 0, 7, 346.85, 391695, 939, 0, 0
1097, 3, 378, 402, 65, 0, 15.06%, 0, 0, 7, 347.25, 393444, 939, 0, 0
1102, 3, 386, 402, 64, 0, 15.06%, 0, 0, 7, 339.85, 395225, 939, 0, 0
1107, 3, 242, 402, 63, 0, 15.06%, 0, 0, 7, 343.55, 396931, 939, 0, 0
1112, 3, 302, 402, 62, 0, 15.06%, 0, 0, 7, 340.77, 398699, 939, 0, 0
1117, 3, 339, 402, 62, 0, 15.06%, 0, 0, 7, 342.94, 400450, 939, 0, 0
1122, 3, 104, 402, 59, 0, 15.06%, 0, 0, 7, 347.19, 402252, 939, 0, 0
1127, 3, 209, 402, 58, 0, 15.06%, 0, 0, 7, 342.65, 403984, 939, 0, 0
1132, 3, 246, 402, 57, 0, 15.06%, 0, 0, 7, 344.61, 405771, 939, 0, 0
1137, 3, 381, 403, 57, 0, 15.06%, 0, 0, 7, 341.12, 407485, 939, 0, 0
1142, 3, 213, 404, 58, 0, 15.06%, 0, 0, 7, 344.44, 409214, 939, 0, 0
1148, 3, 384, 405, 57, 0, 15.06%, 0, 0, 7, 347.85, 411018, 939, 0, 0
1153, 3, 405, 408, 59, 1, 15.09%, 0, 0, 7, 311.18, 412579, 941, 0, 0
1159, 3, 405, 408, 59, 1, 15.09%, 0, 0, 7, 304.49, 414596, 941, 0, 0
1164, 3, 393, 408, 58, 0, 15.09%, 0, 0, 7, 327.80, 416271, 941, 0, 0
1171, 3, 165, 408, 56, 0, 15.09%, 0, 0, 7, 340.72, 418671, 941, 0, 0
1176, 3, 288, 408, 54, 0, 15.09%, 0, 0, 7, 342.27, 420460, 941, 0, 0
1182, 3, 182, 408, 52, 0, 15.09%, 0, 0, 7, 343.83, 422255, 941, 0, 0
1187, 3, 246, 408, 49, 0, 15.09%, 0, 0, 7, 342.64, 424042, 941, 0, 0
1192, 3, 394, 408, 49, 0, 15.09%, 0, 0, 7, 339.34, 425785, 941, 0, 0
1197, 3, 394, 408, 49, 0, 15.09%, 0, 0, 7, 238.11, 426861, 941, 0, 0
1202, 3, 349, 408, 48, 0, 15.09%, 0, 0, 7, 300.08, 428355, 941, 0, 0
1208, 3, 349, 408, 48, 0, 15.09%, 0, 0, 7, 338.08, 430359, 941, 0, 0
1213, 3, 62, 408, 47, 0, 15.09%, 0, 0, 7, 341.69, 432069, 941, 0, 0
1218, 3, 367, 408, 45, 0, 15.09%, 0, 0, 7, 349.52, 433838, 941, 0, 0
1223, 4, 300, 409, 46, 0, 15.11%, 0, 0, 7, 351.68, 435679, 942, 0, 0
1228, 4, 122, 409, 45, 0, 15.11%, 0, 0, 7, 347.31, 437400, 942, 0, 0
1233, 4, 380, 409, 43, 0, 15.11%, 0, 0, 7, 347.71, 439133, 942, 0, 0
1238, 4, 290, 409, 42, 0, 15.11%, 0, 0, 7, 349.40, 440890, 942, 0, 0
1243, 4, 345, 409, 42, 0, 15.11%, 0, 0, 7, 348.85, 442682, 942, 0, 0
1248, 4, 362, 409, 42, 0, 15.11%, 0, 0, 7, 340.91, 444436, 942, 0, 0
1253, 4, 187, 409, 40, 0, 15.11%, 0, 0, 7, 346.95, 446167, 942, 0, 0
1258, 4, 409, 410, 40, 1, 15.11%, 0, 0, 7, 358.69, 448040, 942, 0, 0
1263, 4, 381, 410, 39, 0, 15.11%, 0, 0, 7, 369.99, 449909, 942, 0, 0
1269, 4, 281, 410, 39, 0, 15.11%, 0, 0, 7, 375.22, 451846, 942, 0, 0
1274, 4, 155, 410, 39, 0, 15.11%, 0, 0, 7, 374.95, 453735, 942, 0, 0
1279, 4, 409, 410, 39, 0, 15.11%, 0, 0, 7, 376.80, 455683, 942, 0, 0
1284, 4, 344, 412, 41, 0, 15.16%, 0, 0, 8, 378.55, 457618, 945, 0, 0
1289, 4, 345, 413, 40, 0, 15.16%, 0, 0, 8, 375.28, 459493, 945, 0, 0
1294, 4, 162, 414, 39, 0, 15.16%, 0, 0, 8, 375.77, 461426, 945, 0, 0
1299, 4, 329, 414, 39, 0, 15.16%, 0, 0, 8, 376.16, 463364, 945, 0, 0
1304, 4, 404, 415, 40, 0, 15.16%, 0, 0, 8, 373.55, 465307, 945, 0, 0
1310, 4, 187, 418, 42, 0, 15.16%, 0, 0, 8, 376.16, 467252, 945, 0, 0
1317, 4, 285, 418, 41, 0, 15.16%, 0, 0, 8, 376.75, 469879, 945, 0, 0
1322, 4, 413, 418, 40, 0, 15.16%, 0, 0, 8, 376.87, 471764, 945, 0, 0
1327, 4, 21, 420, 40, 0, 15.16%, 0, 0, 8, 372.77, 473695, 945, 0, 0
1332, 4, 416, 422, 40, 0, 15.16%, 0, 0, 8, 338.65, 475356, 945, 0, 0
1337, 4, 175, 422, 38, 0, 15.16%, 0, 0, 8, 346.65, 477161, 945, 0, 0
1342, 4, 44, 423, 37, 0, 15.16%, 0, 0, 8, 337.10, 478913, 945, 0, 0
1347, 4, 11, 423, 36, 0, 15.16%, 0, 0, 8, 334.07, 480575, 945, 0, 0
1352, 4, 226, 423, 35, 0, 15.16%, 0, 0, 8, 343.80, 482365, 945, 0, 0
1358, 4, 249, 425, 36, 0, 15.16%, 0, 0, 8, 343.83, 484169, 945, 0, 0
1363, 4, 189, 426, 37, 0, 15.16%, 0, 0, 8, 339.28, 485873, 945, 0, 0
1368, 4, 282, 426, 37, 0, 15.16%, 0, 0, 8, 335.47, 487596, 945, 0, 0
1373, 4, 369, 426, 36, 0, 15.16%, 0, 0, 8, 344.66, 489329, 945, 0, 0
1378, 4, 345, 426, 36, 0, 15.16%, 0, 0, 8, 350.97, 491165, 945, 0, 0
1383, 4, 177, 426, 36, 0, 15.16%, 0, 0, 8, 352.62, 492941, 945, 0, 0
1388, 4, 231, 426, 34, 0, 15.16%, 0, 0, 8, 350.07, 494757, 945, 0, 0
1393, 4, 411, 427, 34, 0, 15.16%, 0, 0, 8, 345.66, 496499, 945, 0, 0
1400, 5, 149, 427, 33, 0, 15.16%, 0, 0, 8, 350.10, 498821, 945, 0, 0
1405, 5, 378, 427, 33, 0, 15.16%, 0, 0, 8, 349.81, 500580, 945, 0, 0
1410, 5, 397, 427, 33, 0, 15.16%, 0, 0, 8, 354.63, 502369, 945, 0, 0
1415, 5, 285, 427, 32, 0, 15.16%, 0, 0, 8, 352.73, 504136, 945, 0, 0
1421, 5, 246, 428, 32, 0, 15.16%, 0, 0, 8, 349.54, 506325, 945, 0, 0
1426, 5, 385, 429, 33, 0, 15.16%, 0, 0, 8, 349.59, 508139, 945, 0, 0
1431, 5, 133, 429, 33, 0, 15.16%, 0, 0, 8, 347.76, 509900, 945, 0, 0
1436, 5, 142, 430, 33, 0, 15.16%, 0, 0, 8, 339.57, 511626, 945, 0, 0
1442, 5, 369, 430, 33, 0, 15.16%, 0, 0, 8, 347.68, 513435, 945, 0, 0
1447, 5, 149, 432, 34, 0, 15.16%, 0, 0, 8, 342.07, 515149, 945, 0, 0
1452, 5, 433, 436, 37, 1, 15.35%, 0, 0, 8, 341.66, 516929, 957, 0, 0
1457, 5, 412, 436, 35, 0, 15.35%, 0, 0, 8, 313.94, 518605, 957, 0, 0
1464, 5, 412, 436, 35, 0, 15.35%, 0, 0, 8, 233.63, 520247, 957, 0, 0
1469, 5, 219, 436, 33, 0, 15.35%, 0, 0, 8, 323.52, 522026, 957, 0, 0
1474, 5, 108, 436, 33, 0, 15.35%, 0, 0, 8, 339.42, 523768, 957, 0, 0
1479, 5, 319, 437, 32, 0, 15.38%, 0, 0, 8, 348.84, 525626, 959, 0, 0
1485, 5, 339, 437, 31, 0, 15.38%, 0, 0, 8, 345.60, 527414, 959, 0, 0
1491, 5, 114, 437, 31, 0, 15.38%, 0, 0, 8, 342.55, 529486, 959, 0, 0
1496, 5, 435, 437, 29, 0, 15.38%, 0, 0, 8, 344.59, 531282, 959, 0, 0
1501, 5, 245, 437, 28, 0, 15.38%, 0, 0, 8, 344.71, 533076, 959, 0, 0
1506, 5, 411, 437, 27, 0, 15.38%, 0, 0, 8, 347.26, 534890, 959, 0, 0
1511, 5, 14, 437, 26, 0, 15.38%, 0, 0, 8, 348.60, 536654, 959, 0, 0
1517, 5, 345, 437, 26, 0, 15.38%, 0, 0, 8, 348.85, 538456, 959, 0, 0
1522, 5, 285, 437, 26, 0, 15.38%, 0, 0, 8, 350.94, 540257, 959, 0, 0
1527, 5, 378, 437, 25, 0, 15.38%, 0, 0, 8, 349.86, 542062, 959, 0, 0
1532, 5, 410, 437, 25, 0, 15.38%, 0, 0, 8, 347.23, 543826, 959, 0, 0
1537, 5, 205, 437, 25, 0, 15.38%, 0, 0, 8, 349.98, 545625, 959, 0, 0
1542, 5, 229, 437, 25, 0, 15.38%, 0, 0, 8, 337.27, 547327, 959, 0, 0
1547, 5, 143, 437, 24, 0, 15.38%, 0, 0, 8, 342.96, 549120, 959, 0, 0
1553, 5, 195, 437, 24, 0, 15.38%, 0, 0, 8, 346.26, 550964, 959, 0, 0
1558, 5, 434, 437, 23, 0, 15.38%, 0, 0, 8, 360.96, 552784, 959, 0, 0
1563, 5, 59, 437, 23, 0, 15.38%, 0, 0, 8, 368.03, 554647, 959, 0, 0
1568, 5, 146, 437, 23, 0, 15.38%, 0, 0, 8, 368.29, 556500, 959, 0, 0
1573, 5, 185, 437, 23, 0, 15.38%, 0, 0, 8, 368.55, 558361, 959, 0, 0
1578, 5, 281, 437, 22, 0, 15.38%, 0, 0, 8, 365.57, 560200, 959, 0, 0
1585, 5, 146, 437, 22, 0, 15.38%, 0, 0, 8, 365.84, 562649, 959, 0, 0
1590, 6, 387, 437, 22, 0, 15.38%, 0, 0, 8, 362.97, 564539, 959, 0, 0
1595, 6, 155, 437, 21, 0, 15.38%, 0, 0, 8, 366.47, 566406, 959, 0, 0
1600, 6, 106, 437, 21, 0, 15.38%, 0, 0, 8, 363.65, 568257, 959, 0, 0
1605, 6, 329, 437, 21, 0, 15.38%, 0, 0, 8, 362.62, 570120, 959, 0, 0
1610, 6, 92, 437, 20, 0, 15.38%, 0, 0, 8, 367.53, 571985, 959, 0, 0
1615, 6, 378, 437, 20, 0, 15.38%, 0, 0, 8, 363.43, 573804, 959, 0, 0
1620, 6, 287, 437, 20, 0, 15.38%, 0, 0, 8, 362.93, 575627, 959, 0, 0
1625, 6, 185, 437, 20, 0, 15.38%, 0, 0, 8, 365.28, 577469, 959, 0, 0
1630, 6, 344, 437, 20, 0, 15.38%, 0, 0, 8, 366.91, 579311, 959, 0, 0
1635, 6, 246, 437, 20, 0, 15.38%, 0, 0, 8, 365.37, 581210, 959, 0, 0
1641, 6, 54, 437, 20, 0, 15.38%, 0, 0, 8, 367.20, 583077, 959, 0, 0
1646, 6, 168, 437, 20, 0, 15.38%, 0, 0, 8, 364.78, 584958, 959, 0, 0
1651, 6, 436, 437, 20, 0, 15.38%, 0, 0, 8, 368.72, 586813, 959, 0, 0
1656, 6, 346, 437, 20, 0, 15.38%, 0, 0, 8, 364.22, 588627, 959, 0, 0
1661, 6, 281, 437, 19, 0, 15.38%, 0, 0, 8, 360.36, 590446, 959, 0, 0
1666, 6, 378, 438, 19, 0, 15.38%, 0, 0, 8, 363.42, 592285, 959, 0, 0
1671, 6, 340, 438, 19, 0, 15.38%, 0, 0, 8, 367.48, 594184, 959, 0, 0
1676, 6, 329, 438, 19, 0, 15.38%, 0, 0, 8, 365.96, 596016, 959, 0, 0
1681, 6, 419, 438, 19, 0, 15.38%, 0, 0, 8, 367.54, 597873, 959, 0, 0
1686, 6, 363, 438, 19, 0, 15.38%, 0, 0, 8, 367.27, 599782, 959, 0, 0
1691, 6, 94, 438, 19, 0, 15.38%, 0, 0, 8, 361.46, 601603, 959, 0, 0
1696, 6, 434, 438, 19, 0, 15.38%, 0, 0, 8, 360.89, 603387, 959, 0, 0
1701, 6, 309, 439, 19, 0, 15.38%, 0, 0, 8, 366.97, 605251, 959, 0, 0
1707, 6, 356, 439, 19, 0, 15.38%, 0, 0, 8, 365.89, 607150, 959, 0, 0
1712, 6, 438, 439, 18, 0, 15.38%, 0, 0, 8, 352.41, 608933, 959, 0, 0
1717, 6, 438, 440, 19, 0, 15.38%, 0, 0, 8, 337.67, 610664, 959, 0, 0
1722, 6, 179, 440, 18, 0, 15.38%, 0, 0, 8, 358.53, 612524, 959, 0, 0
1727, 6, 436, 440, 17, 0, 15.38%, 0, 0, 8, 364.78, 614376, 959, 0, 0
1732, 6, 429, 440, 17, 0, 15.38%, 0, 0, 8, 363.28, 616276, 959, 0, 0
1737, 6, 179, 442, 17, 0, 15.38%, 0, 0, 8, 359.58, 618128, 959, 0, 0
1742, 6, 249, 442, 17, 0, 15.38%, 0, 0, 8, 364.77, 619965, 959, 0, 0
1747, 6, 433, 442, 17, 0, 15.38%, 0, 0, 8, 364.72, 621799, 959, 0, 0
1752, 7, 268, 442, 17, 0, 15.38%, 0, 0, 8, 369.15, 623671, 959, 0, 0
1758, 7, 442, 443, 18, 1, 15.38%, 0, 0, 8, 369.47, 625555, 959, 0, 0
1763, 7, 218, 443, 17, 0, 15.38%, 0, 0, 8, 364.16, 627385, 959, 0, 0
1768, 7, 409, 443, 17, 0, 15.38%, 0, 0, 8, 371.09, 629247, 959, 0, 0
1773, 7, 367, 443, 17, 0, 15.38%, 0, 0, 8, 370.69, 631108, 959, 0, 0
1778, 7, 369, 443, 17, 0, 15.38%, 0, 0, 8, 359.24, 632954, 959, 0, 0
1783, 7, 236, 443, 17, 0, 15.38%, 0, 0, 8, 348.41, 634702, 959, 0, 0
1788, 7, 411, 443, 17, 0, 15.38%, 0, 0, 8, 341.06, 636404, 959, 0, 0
1793, 7, 411, 443, 17, 0, 15.38%, 0, 0, 8, 342.60, 638191, 959, 0, 0
1798, 7, 323, 444, 18, 0, 15.38%, 0, 0, 8, 351.15, 639992, 959, 0, 0
1803, 7, 404, 444, 18, 0, 15.38%, 0, 0, 8, 361.56, 641827, 959, 0, 0
1808, 7, 428, 445, 19, 0, 15.38%, 0, 0, 8, 365.33, 643701, 959, 0, 0
1813, 7, 168, 445, 19, 0, 15.38%, 0, 0, 8, 366.29, 645554, 959, 0, 0
1818, 7, 441, 446, 19, 0, 15.38%, 0, 0, 8, 365.65, 647438, 959, 0, 0
1823, 7, 308, 446, 18, 0, 15.38%, 0, 0, 8, 363.47, 649263, 959, 0, 0
1828, 7, 399, 447, 19, 0, 15.38%, 0, 0, 8, 367.77, 651107, 959, 0, 0
1835, 7, 153, 447, 19, 0, 15.38%, 0, 0, 8, 366.73, 653399, 959, 0, 0
1840, 7, 444, 447, 19, 0, 15.38%, 0, 0, 8, 359.50, 655225, 959, 0, 0
1845, 7, 378, 447, 18, 0, 15.38%, 0, 0, 8, 345.10, 656921, 959, 0, 0
1850, 7, 245, 447, 18, 0, 15.38%, 0, 0, 8, 342.15, 658633, 959, 0, 0
1855, 7, 256, 447, 18, 0, 15.38%, 0, 0, 8, 323.64, 660271, 959, 0, 0
1860, 7, 363, 447, 18, 0, 15.38%, 0, 0, 8, 336.13, 662026, 959, 0, 0
1866, 7, 346, 447, 18, 0, 15.38%, 0, 0, 8, 340.72, 663952, 959, 0, 0
1871, 7, 206, 448, 19, 0, 15.38%, 0, 0, 8, 340.45, 665729, 959, 0, 0
1876, 7, 433, 448, 18, 0, 15.38%, 0, 0, 8, 350.56, 667531, 959, 0, 0
1881, 7, 367, 448, 18, 0, 15.38%, 0, 0, 8, 366.99, 669383, 959, 0, 0
1886, 7, 182, 448, 18, 0, 15.38%, 0, 0, 8, 348.45, 671158, 959, 0, 0
1891, 7, 405, 448, 18, 0, 15.38%, 0, 0, 8, 333.87, 672832, 959, 0, 0
1898, 7, 429, 448, 18, 0, 15.38%, 0, 0, 8, 361.99, 675261, 959, 0, 0
1903, 7, 324, 448, 18, 0, 15.38%, 0, 0, 8, 363.07, 677095, 959, 0, 0
1908, 7, 92, 448, 17, 0, 15.38%, 0, 0, 8, 371.64, 678975, 959, 0, 0
1913, 7, 414, 448, 17, 0, 15.38%, 0, 0, 8, 366.97, 680809, 959, 0, 0
1918, 7, 411, 448, 17, 0, 15.38%, 0, 0, 8, 367.58, 682713, 959, 0, 0
1924, 7, 127, 448, 17, 0, 15.38%, 0, 0, 8, 363.04, 684612, 959, 0, 0
1929, 8, 218, 448, 16, 0, 15.38%, 0, 0, 8, 334.40, 686329, 959, 0, 0
1934, 8, 143, 448, 16, 0, 15.38%, 0, 0, 8, 332.19, 687976, 959, 0, 0
1939, 8, 92, 448, 15, 0, 15.38%, 0, 0, 8, 342.20, 689730, 959, 0, 0
1944, 8, 249, 448, 14, 0, 15.38%, 0, 0, 8, 347.20, 691484, 959, 0, 0
1949, 8, 151, 448, 14, 0, 15.38%, 0, 0, 8, 354.40, 693266, 959, 0, 0
1955, 8, 302, 448, 14, 0, 15.38%, 0, 0, 8, 362.76, 695560, 959, 0, 0
1960, 8, 354, 448, 14, 0, 15.38%, 0, 0, 8, 363.35, 697384, 959, 0, 0
1966, 8, 183, 448, 13, 0, 15.38%, 0, 0, 8, 357.25, 699259, 959, 0, 0
1971, 8, 346, 448, 13, 0, 15.38%, 0, 0, 8, 362.43, 701099, 959, 0, 0
1976, 8, 358, 448, 13, 0, 15.38%, 0, 0, 8, 359.06, 702880, 959, 0, 0
1981, 8, 446, 448, 13, 0, 15.38%, 0, 0, 8, 363.73, 704723, 959, 0, 0
1986, 8, 381, 448, 12, 0, 15.38%, 0, 0, 8, 354.81, 706485, 959, 0, 0
1991, 8, 231, 448, 12, 0, 15.38%, 0, 0, 8, 350.01, 708274, 959, 0, 0
1996, 8, 231, 448, 12, 0, 15.38%, 0, 0, 8, 358.66, 710084, 959, 0, 0
2001, 8, 95, 449, 13, 0, 15.38%, 0, 0, 8, 357.17, 711853, 959, 0, 0
2006, 8, 367, 449, 13, 0, 15.38%, 0, 0, 8, 367.58, 713760, 959, 0, 0
2011, 8, 449, 450, 14, 0, 15.38%, 0, 0, 8, 358.97, 715565, 959, 0, 0
2016, 8, 222, 450, 13, 0, 15.38%, 0, 0, 8, 350.55, 717305, 959, 0, 0
2021, 8, 363, 450, 13, 0, 15.38%, 0, 0, 8, 361.15, 719175, 959, 0, 0
2026, 8, 346, 450, 13, 0, 15.38%, 0, 0, 8, 369.97, 721051, 959, 0, 0
2031, 8, 367, 450, 13, 0, 15.38%, 0, 0, 8, 355.12, 722822, 959, 0, 0
2036, 8, 245, 450, 12, 0, 15.38%, 0, 0, 8, 358.76, 724621, 959, 0, 0
2041, 8, 381, 450, 12, 0, 15.38%, 0, 0, 8, 370.04, 726537, 959, 0, 0
2047, 8, 448, 450, 12, 0, 15.38%, 0, 0, 8, 259.35, 727837, 959, 0, 0
2052, 8, 448, 450, 12, 0, 15.38%, 0, 0, 8, 224.32, 729041, 959, 0, 0
2057, 8, 378, 450, 11, 0, 15.38%, 0, 0, 8, 336.76, 730883, 959, 0, 0
2062, 8, 339, 450, 11, 0, 15.38%, 0, 0, 8, 358.05, 732720, 959, 0, 0
2067, 8, 405, 450, 11, 0, 15.38%, 0, 0, 8, 355.01, 734508, 959, 0, 0
2072, 8, 419, 450, 10, 0, 15.38%, 0, 0, 8, 362.87, 736321, 959, 0, 0
2077, 8, 226, 450, 10, 0, 15.38%, 0, 0, 8, 350.42, 738105, 959, 0, 0
2082, 8, 242, 450, 10, 0, 15.38%, 0, 0, 8, 357.15, 739886, 959, 0, 0
2087, 8, 367, 450, 10, 0, 15.38%, 0, 0, 8, 359.32, 741713, 959, 0, 0
2092, 8, 345, 451, 11, 0, 15.38%, 0, 0, 8, 341.21, 743427, 959, 0, 0
2097, 8, 303, 451, 11, 0, 15.38%, 0, 0, 8, 341.71, 745124, 959, 0, 0
2102, 8, 369, 451, 10, 0, 15.38%, 0, 0, 8, 359.85, 746990, 959, 0, 0
2107, 8, 378, 451, 10, 0, 15.38%, 0, 0, 8, 352.06, 748785, 959, 0, 0
2112, 9, 248, 453, 12, 0, 15.38%, 0, 0, 8, 341.05, 750490, 959, 0, 0
2117, 9, 173, 453, 12, 0, 15.38%, 0, 0, 8, 340.45, 752186, 959, 0, 0
2123, 9, 344, 453, 11, 0, 15.38%, 0, 0, 8, 354.11, 754034, 959, 0, 0
2128, 9, 226, 453, 11, 0, 15.38%, 0, 0, 8, 366.26, 755948, 959, 0, 0
2133, 9, 452, 453, 11, 0, 15.38%, 0, 0, 8, 368.89, 757875, 959, 0, 0
2138, 9, 373, 453, 10, 0, 15.38%, 0, 0, 8, 369.68, 759742, 959, 0, 0
2143, 9, 245, 453, 10, 0, 15.38%, 0, 0, 8, 369.32, 761594, 959, 0, 0
2148, 9, 45, 453, 10, 0, 15.38%, 0, 0, 8, 369.01, 763467, 959, 0, 0
2153, 9, 444, 453, 10, 0, 15.38%, 0, 0, 8, 364.59, 765324, 959, 0, 0
2158, 9, 66, 453, 10, 0, 15.38%, 0, 0, 8, 368.51, 767189, 959, 0, 0
2163, 9, 362, 453, 10, 0, 15.38%, 0, 0, 8, 372.67, 769068, 959, 0, 0
2168, 9, 369, 453, 10, 0, 15.38%, 0, 0, 8, 371.33, 770936, 959, 0, 0
2174, 9, 417, 453, 10, 0, 15.38%, 0, 0, 8, 373.43, 772860, 959, 0, 0
2179, 9, 118, 454, 11, 0, 15.38%, 0, 0, 8, 369.55, 774701, 959, 0, 0
2184, 9, 404, 454, 10, 0, 15.38%, 0, 0, 8, 368.21, 776558, 959, 0, 0
2189, 9, 436, 454, 10, 0, 15.38%, 0, 0, 8, 370.57, 778413, 959, 0, 0
2195, 9, 155, 454, 10, 0, 15.38%, 0, 0, 8, 374.33, 780628, 959, 0, 0
2200, 9, 432, 457, 13, 0, 15.38%, 0, 0, 8, 361.78, 782449, 959, 0, 0
2205, 9, 442, 457, 12, 0, 15.38%, 0, 0, 8, 367.91, 784535, 959, 0, 0
2210, 9, 404, 457, 12, 0, 15.38%, 0, 0, 8, 371.75, 786421, 959, 0, 0
2215, 9, 409, 457, 12, 0, 15.38%, 0, 0, 8, 373.17, 788294, 959, 0, 0
2220, 9, 280, 457, 12, 0, 15.38%, 0, 0, 8, 372.39, 790176, 959, 0, 0
2225, 9, 80, 457, 12, 0, 15.38%, 0, 0, 8, 371.40, 792041, 959, 0, 0
2231, 9, 455, 459, 14, 0, 15.38%, 0, 0, 8, 371.53, 793968, 959, 0, 0
2236, 9, 455, 461, 16, 0, 15.40%, 0, 0, 8, 370.06, 795816, 960, 0, 0
2241, 9, 455, 463, 18, 0, 15.40%, 0, 0, 8, 369.84, 797741, 960, 0, 0
2246, 9, 455, 463, 18, 0, 15.40%, 0, 0, 8, 369.72, 799666, 960, 0, 0
2251, 9, 455, 463, 18, 0, 15.40%, 0, 0, 8, 371.35, 801591, 960, 0, 0
2257, 9, 463, 465, 19, 1, 15.40%, 0, 0, 9, 367.83, 803554, 960, 0, 0
2262, 9, 453, 465, 17, 0, 15.40%, 0, 0, 9, 369.86, 805403, 960, 0, 0
2267, 9, 459, 465, 16, 0, 15.40%, 0, 0, 9, 371.55, 807331, 960, 0, 0
2272, 9, 437, 465, 15, 0, 15.40%, 0, 0, 9, 369.62, 809184, 960, 0, 0
2279, 9, 357, 465, 15, 0, 15.40%, 0, 0, 9, 354.74, 811638, 960, 0, 0
2284, 9, 281, 465, 13, 0, 15.40%, 0, 0, 9, 367.41, 813495, 960, 0, 0
2289, 9, 50, 465, 13, 0, 15.40%, 0, 0, 9, 368.69, 815361, 960, 0, 0
2295, 9, 314, 465, 13, 0, 15.40%, 0, 0, 9, 370.06, 817647, 960, 0, 0
2300, 9, 218, 465, 13, 0, 15.40%, 0, 0, 9, 372.19, 819578, 960, 0, 0
2305, 9, 282, 465, 13, 0, 15.40%, 0, 0, 9, 373.26, 821461, 960, 0, 0
2310, 9, 431, 465, 12, 0, 15.40%, 0, 0, 9, 366.65, 823292, 960, 0, 0
2315, 9, 464, 468, 15, 0, 15.40%, 0, 0, 10, 359.02, 825125, 960, 0, 0
2321, 9, 464, 468, 15, 0, 15.40%, 0, 0, 10, 356.30, 826966, 960, 0, 0
2326, 9, 112, 468, 14, 0, 15.40%, 0, 0, 10, 360.40, 828791, 960, 0, 0
2331, 10, 404, 468, 14, 0, 15.40%, 0, 0, 10, 368.07, 830686, 960, 0, 0
2336, 10, 182, 468, 14, 0, 15.40%, 0, 0, 10, 371.86, 832550, 960, 0, 0
2341, 10, 346, 468, 13, 0, 15.40%, 0, 0, 10, 364.69, 834433, 960, 0, 0
2346, 10, 149, 468, 13, 0, 15.40%, 0, 0, 10, 373.10, 836374, 960, 0, 0
2351, 10, 362, 468, 13, 0, 15.40%, 0, 0, 10, 372.95, 838245, 960, 0, 0
2356, 10, 179, 468, 13, 0, 15.40%, 0, 0, 10, 373.37, 840189, 960, 0, 0
2361, 10, 225, 468, 13, 0, 15.40%, 0, 0, 10, 370.95, 842051, 960, 0, 0
2366, 10, 191, 468, 13, 0, 15.40%, 0, 0, 10, 374.85, 843940, 960, 0, 0
2371, 10, 151, 468, 13, 0, 15.40%, 0, 0, 10, 371.98, 845804, 960, 0, 0
2376, 10, 112, 468, 13, 0, 15.40%, 0, 0, 10, 373.56, 847704, 960, 0, 0
2381, 10, 319, 468, 13, 0, 15.40%, 0, 0, 10, 373.59, 849578, 960, 0, 0
2387, 10, 281, 468, 13, 0, 15.40%, 0, 0, 10, 370.22, 851449, 960, 0, 0
2392, 10, 231, 469, 14, 0, 15.40%, 0, 0, 10, 372.77, 853335, 960, 0, 0
2397, 10, 280, 469, 14, 0, 15.40%, 0, 0, 10, 370.45, 855232, 960, 0, 0
2402, 10, 466, 469, 14, 0, 15.40%, 0, 0, 10, 363.88, 857070, 960, 0, 0
2407, 10, 461, 469, 14, 0, 15.40%, 0, 0, 10, 369.55, 858933, 960, 0, 0
2412, 10, 202, 469, 14, 0, 15.40%, 0, 0, 10, 368.25, 860845, 960, 0, 0
2417, 10, 302, 469, 13, 0, 15.40%, 0, 0, 10, 366.08, 862684, 960, 0, 0
2422, 10, 362, 469, 12, 0, 15.40%, 0, 0, 10, 371.16, 864624, 960, 0, 0
2427, 10, 312, 469, 12, 0, 15.40%, 0, 0, 10, 368.99, 866472, 960, 0, 0
2432, 10, 182, 469, 12, 0, 15.40%, 0, 0, 10, 367.34, 868308, 960, 0, 0
2437, 10, 451, 469, 12, 0, 15.40%, 0, 0, 10, 367.80, 870213, 960, 0, 0
2442, 10, 278, 469, 11, 0, 15.40%, 0, 0, 10, 367.97, 872060, 960, 0, 0
2448, 10, 226, 469, 11, 0, 15.40%, 0, 0, 10, 371.91, 874253, 960, 0, 0
2453, 10, 112, 469, 11, 0, 15.40%, 0, 0, 10, 363.72, 876077, 960, 0, 0
2458, 10, 179, 470, 12, 0, 15.40%, 0, 0, 10, 366.78, 877909, 960, 0, 0
2463, 10, 369, 470, 12, 0, 15.40%, 0, 0, 10, 370.62, 879841, 960, 0, 0
2469, 10, 362, 470, 12, 0, 15.40%, 0, 0, 10, 369.81, 881745, 960, 0, 0
2474, 10, 127, 470, 12, 0, 15.40%, 0, 0, 10, 369.41, 883583, 960, 0, 0
2479, 10, 340, 470, 12, 0, 15.40%, 0, 0, 10, 370.19, 885443, 960, 0, 0
2484, 10, 162, 470, 12, 0, 15.40%, 0, 0, 10, 364.47, 887255, 960, 0, 0
2490, 10, 320, 470, 12, 0, 15.40%, 0, 0, 10, 363.35, 889530, 960, 0, 0
2495, 10, 467, 470, 12, 0, 15.40%, 0, 0, 10, 365.92, 891383, 960, 0, 0
2500, 10, 369, 470, 11, 0, 15.40%, 0, 0, 10, 364.87, 893208, 960, 0, 0
2505, 11, 256, 470, 10, 0, 15.40%, 0, 0, 10, 367.20, 895120, 960, 0, 0
2510, 11, 95, 470, 10, 0, 15.40%, 0, 0, 10, 362.50, 896973, 960, 0, 0
2515, 11, 381, 470, 10, 0, 15.40%, 0, 0, 10, 369.94, 898849, 960, 0, 0
2521, 11, 226, 470, 10, 0, 15.40%, 0, 0, 10, 372.46, 900793, 960, 0, 0
2526, 11, 149, 470, 10, 0, 15.40%, 0, 0, 10, 371.16, 902647, 960, 0, 0
2531, 11, 409, 470, 10, 0, 15.40%, 0, 0, 10, 370.37, 904534, 960, 0, 0
2536, 11, 362, 470, 10, 0, 15.40%, 0, 0, 10, 367.15, 906385, 960, 0, 0
2541, 11, 329, 470, 10, 0, 15.40%, 0, 0, 10, 364.92, 908209, 960, 0, 0
2546, 11, 312, 470, 10, 0, 15.40%, 0, 0, 10, 370.96, 910085, 960, 0, 0
2551, 11, 463, 472, 12, 0, 15.40%, 0, 0, 10, 362.18, 911926, 960, 0, 0
2556, 11, 466, 473, 13, 0, 15.40%, 0, 0, 11, 366.88, 913770, 960, 0, 0
2561, 11, 434, 474, 14, 0, 15.40%, 0, 0, 11, 369.56, 915653, 960, 0, 0
2566, 11, 82, 474, 14, 0, 15.40%, 0, 0, 11, 369.70, 917508, 960, 0, 0
2571, 11, 428, 474, 14, 0, 15.40%, 0, 0, 11, 373.60, 919384, 960, 0, 0
2576, 11, 457, 474, 14, 0, 15.40%, 0, 0, 11, 374.19, 921265, 960, 0, 0
2583, 11, 466, 474, 13, 0, 15.40%, 0, 0, 11, 370.13, 923802, 960, 0, 0
2588, 11, 409, 474, 13, 0, 15.40%, 0, 0, 11, 367.98, 925703, 960, 0, 0
2593, 11, 473, 475, 14, 0, 15.40%, 0, 0, 11, 366.44, 927543, 960, 0, 0
2598, 11, 320, 475, 13, 0, 15.40%, 0, 0, 11, 364.81, 929379, 960, 0, 0
2604, 11, 345, 475, 13, 0, 15.40%, 0, 0, 11, 366.20, 931275, 960, 0, 0
2609, 11, 414, 475, 13, 0, 15.40%, 0, 0, 11, 366.61, 933133, 960, 0, 0
2614, 11, 367, 476, 14, 0, 15.40%, 0, 0, 11, 363.18, 934969, 960, 0, 0
2619, 11, 143, 476, 14, 0, 15.40%, 0, 0, 11, 365.32, 936811, 960, 0, 0
2624, 11, 182, 476, 14, 0, 15.40%, 0, 0, 11, 369.70, 938756, 960, 0, 0
2629, 11, 434, 476, 14, 0, 15.40%, 0, 0, 11, 369.01, 940605, 960, 0, 0
2634, 11, 216, 476, 14, 0, 15.40%, 0, 0, 11, 371.96, 942491, 960, 0, 0
2640, 11, 426, 476, 13, 0, 15.40%, 0, 0, 11, 365.83, 944784, 960, 0, 0
2645, 11, 344, 477, 13, 0, 15.40%, 0, 0, 11, 373.00, 946661, 960, 0, 0
2650, 11, 419, 477, 13, 0, 15.40%, 0, 0, 11, 370.34, 948517, 960, 0, 0
2655, 11, 289, 478, 14, 0, 15.40%, 0, 0, 11, 371.98, 950386, 960, 0, 0
2661, 11, 22, 478, 14, 0, 15.40%, 0, 0, 11, 370.36, 952365, 960, 0, 0
2666, 11, 324, 478, 14, 0, 15.40%, 0, 0, 11, 363.16, 954243, 960, 0, 0
2671, 11, 378, 478, 14, 0, 15.40%, 0, 0, 11, 372.01, 956118, 960, 0, 0
2676, 11, 356, 479, 15, 0, 15.40%, 0, 0, 11, 368.72, 957967, 960, 0, 0
2681, 11, 409, 479, 15, 0, 15.40%, 0, 0, 11, 370.57, 959869, 960, 0, 0
2686, 11, 378, 479, 14, 0, 15.40%, 0, 0, 11, 373.06, 961802, 960, 0, 0
2691, 12, 162, 479, 14, 0, 15.40%, 0, 0, 11, 373.66, 963676, 960, 0, 0
2696, 12, 346, 479, 14, 0, 15.40%, 0, 0, 11, 368.79, 965531, 960, 0, 0
2701, 12, 323, 479, 14, 0, 15.40%, 0, 0, 11, 370.84, 967435, 960, 0, 0
2708, 12, 391, 480, 14, 0, 15.40%, 0, 0, 11, 356.43, 969839, 960, 0, 0
2713, 12, 245, 480, 14, 0, 15.40%, 0, 0, 11, 366.23, 971687, 960, 0, 0
2718, 12, 63, 480, 14, 0, 15.40%, 0, 0, 11, 370.76, 973549, 960, 0, 0
2723, 12, 282, 481, 15, 0, 15.40%, 0, 0, 11, 368.21, 975445, 960, 0, 0
2728, 12, 339, 481, 15, 0, 15.40%, 0, 0, 11, 368.81, 977295, 960, 0, 0
2733, 12, 433, 481, 15, 0, 15.40%, 0, 0, 11, 356.29, 979092, 960, 0, 0
2738, 12, 439, 483, 17, 0, 15.40%, 0, 0, 11, 340.12, 980806, 960, 0, 0
2744, 12, 16, 483, 16, 0, 15.40%, 0, 0, 11, 351.49, 982604, 960, 0, 0
2749, 12, 363, 483, 16, 0, 15.40%, 0, 0, 11, 353.30, 984459, 960, 0, 0
2754, 12, 436, 484, 17, 0, 15.45%, 0, 0, 11, 357.94, 986261, 963, 0, 0
2759, 12, 442, 484, 16, 0, 15.45%, 0, 0, 11, 324.34, 987916, 963, 0, 0
2764, 12, 483, 485, 17, 0, 15.48%, 0, 0, 11, 322.20, 989554, 965, 0, 0
2769, 12, 367, 485, 16, 0, 15.48%, 0, 0, 11, 338.23, 991292, 965, 0, 0
2774, 12, 472, 485, 16, 0, 15.48%, 0, 0, 11, 355.53, 993063, 965, 0, 0
2779, 12, 466, 485, 15, 0, 15.48%, 0, 0, 11, 362.13, 994912, 965, 0, 0
2785, 12, 380, 485, 15, 0, 15.48%, 0, 0, 11, 369.65, 996997, 965, 0, 0
2790, 12, 476, 485, 15, 0, 15.48%, 0, 0, 11, 374.86, 998880, 965, 0, 0
2795, 12, 329, 485, 15, 0, 15.48%, 0, 0, 11, 373.41, 1000761, 965, 0, 0
2800, 12, 378, 485, 15, 0, 15.48%, 0, 0, 11, 373.50, 1002633, 965, 0, 0
2805, 12, 440, 485, 15, 0, 15.48%, 0, 0, 11, 374.83, 1004517, 965, 0, 0
2810, 12, 331, 485, 15, 0, 15.48%, 0, 0, 11, 370.59, 1006444, 965, 0, 0
2815, 12, 483, 485, 15, 0, 15.48%, 0, 0, 11, 349.54, 1008197, 965, 0, 0
2822, 12, 462, 485, 15, 0, 15.48%, 0, 0, 11, 348.14, 1010490, 965, 0, 0
2827, 12, 329, 485, 14, 0, 15.48%, 0, 0, 11, 343.13, 1012169, 965, 0, 0
2832, 12, 52, 485, 14, 0, 15.48%, 0, 0, 11, 364.15, 1014082, 965, 0, 0
2837, 12, 155, 486, 14, 0, 15.48%, 0, 0, 11, 372.13, 1016028, 965, 0, 0
2842, 12, 339, 486, 14, 0, 15.48%, 0, 0, 11, 369.09, 1017886, 965, 0, 0
2847, 12, 189, 486, 14, 0, 15.48%, 0, 0, 11, 358.72, 1019700, 965, 0, 0
2852, 12, 122, 486, 14, 0, 15.48%, 0, 0, 11, 360.91, 1021544, 965, 0, 0
2857, 12, 485, 486, 14, 0, 15.48%, 0, 0, 11, 366.97, 1023410, 965, 0, 0
2862, 12, 407, 486, 14, 0, 15.48%, 0, 0, 11, 360.10, 1025192, 965, 0, 0
2867, 12, 298, 486, 14, 0, 15.48%, 0, 0, 11, 342.80, 1026884, 965, 0, 0
2873, 12, 409, 486, 13, 0, 15.48%, 0, 0, 11, 325.10, 1028572, 965, 0, 0
2878, 12, 479, 486, 13, 0, 15.48%, 0, 0, 11, 346.46, 1030337, 965, 0, 0
2883, 12, 411, 486, 12, 0, 15.48%, 0, 0, 11, 339.01, 1032086, 965, 0, 0
2888, 12, 481, 487, 13, 0, 15.48%, 0, 0, 11, 324.74, 1033886, 965, 0, 0
2893, 12, 218, 487, 12, 0, 15.48%, 0, 0, 11, 349.51, 1035591, 965, 0, 0
2898, 12, 287, 488, 13, 0, 15.48%, 0, 0, 11, 352.98, 1037353, 965, 0, 0
2904, 13, 413, 488, 12, 0, 15.48%, 0, 0, 11, 361.33, 1039221, 965, 0, 0
2909, 13, 185, 488, 12, 0, 15.48%, 0, 0, 11, 346.34, 1040975, 965, 0, 0
2914, 13, 434, 488, 12, 0, 15.48%, 0, 0, 11, 364.89, 1042868, 965, 0, 0
2919, 13, 167, 488, 12, 0, 15.48%, 0, 0, 11, 358.51, 1044686, 965, 0, 0
2924, 13, 122, 488, 12, 0, 15.48%, 0, 0, 11, 349.59, 1046456, 965, 0, 0
2929, 13, 289, 488, 12, 0, 15.48%, 0, 0, 11, 356.75, 1048222, 965, 0, 0
2934, 13, 474, 488, 12, 0, 15.48%, 0, 0, 11, 346.74, 1050011, 965, 0, 0
2939, 13, 409, 488, 11, 0, 15.48%, 0, 0, 11, 357.05, 1051824, 965, 0, 0
2944, 13, 411, 488, 10, 0, 15.48%, 0, 0, 11, 354.87, 1053600, 965, 0, 0
2949, 13, 281, 488, 10, 0, 15.48%, 0, 0, 11, 341.61, 1055317, 965, 0, 0
2954, 13, 280, 488, 10, 0, 15.48%, 0, 0, 11, 348.74, 1057152, 965, 0, 0
2959, 13, 285, 488, 10, 0, 15.48%, 0, 0, 11, 364.16, 1059049, 965, 0, 0
2964, 13, 149, 488, 10, 0, 15.48%, 0, 0, 11, 371.73, 1060917, 965, 0, 0
2970, 13, 456, 488, 10, 0, 15.48%, 0, 0, 11, 371.40, 1062837, 965, 0, 0
2974, 13, 411, 488, 9, 0, 15.48%, 0, 0, 11, 363.69, 1064528, 965, 0, 0
