# relative_time, cycles_done, cur_item, corpus_count, pending_total, pending_favs, map_size, saved_crashes, saved_hangs, max_depth, execs_per_sec, total_execs, edges_found, total_crashes, servers_count
61, 0, 1, 232, 223, 15, 29.05%, 34, 0, 2, 840.84, 51225, 874, 10486, 0
66, 0, 1, 237, 228, 15, 29.25%, 35, 0, 2, 831.79, 55404, 880, 11436, 0
71, 0, 7, 254, 242, 109, 31.31%, 39, 0, 2, 821.70, 59923, 942, 12116, 0
76, 0, 187, 279, 265, 114, 32.54%, 44, 0, 3, 882.77, 64338, 979, 12665, 0
81, 0, 187, 291, 277, 114, 33.27%, 44, 0, 3, 924.91, 68919, 1001, 13261, 0
86, 0, 16, 304, 289, 118, 33.27%, 49, 0, 3, 929.63, 73703, 1001, 13827, 0
93, 0, 24, 312, 295, 121, 33.96%, 57, 0, 3, 867.12, 79311, 1022, 13954, 0
98, 0, 62, 331, 304, 114, 34.76%, 62, 0, 3, 912.64, 84098, 1046, 14324, 0
103, 0, 62, 392, 365, 114, 34.93%, 63, 0, 3, 870.59, 88523, 1051, 14812, 0
108, 0, 62, 398, 371, 114, 34.96%, 63, 0, 3, 813.39, 92614, 1052, 15643, 0
113, 0, 62, 400, 373, 114, 35.00%, 63, 0, 3, 857.54, 96977, 1053, 16540, 0
118, 0, 62, 403, 376, 114, 35.03%, 63, 0, 3, 872.88, 101418, 1054, 17432, 0
123, 0, 62, 407, 380, 114, 35.03%, 64, 0, 3, 881.44, 106002, 1054, 18341, 0
128, 0, 62, 411, 384, 114, 35.09%, 65, 0, 3, 866.75, 110348, 1056, 19169, 0
134, 0, 62, 415, 388, 114, 35.09%, 66, 0, 3, 818.54, 114397, 1056, 19959, 0
139, 0, 62, 417, 390, 114, 35.13%, 66, 0, 3, 828.14, 118715, 1057, 20838, 0
144, 0, 62, 421, 394, 114, 35.13%, 67, 0, 3, 890.38, 123423, 1057, 21777, 0
149, 0, 62, 423, 396, 114, 35.13%, 67, 0, 3, 879.71, 127857, 1057, 22696, 0
154, 0, 62, 425, 398, 114, 35.13%, 67, 0, 3, 895.06, 132529, 1057, 23626, 0
159, 0, 62, 427, 400, 114, 35.16%, 67, 0, 3, 902.88, 137061, 1058, 24551, 0
164, 0, 119, 427, 387, 112, 35.16%, 68, 0, 3, 936.76, 141985, 1058, 24953, 0
169, 0, 140, 441, 389, 100, 35.69%, 76, 0, 3, 980.19, 147024, 1074, 25477, 0
174, 0, 140, 443, 391, 100, 35.69%, 81, 0, 3, 957.97, 151807, 1074, 26482, 0
179, 0, 140, 444, 392, 100, 35.69%, 82, 0, 3, 878.30, 156216, 1074, 27431, 0
184, 0, 140, 446, 394, 100, 35.73%, 84, 0, 3, 866.90, 160531, 1075, 28366, 0
190, 0, 140, 446, 394, 100, 35.73%, 85, 0, 3, 879.07, 165121, 1075, 29317, 0
195, 0, 140, 446, 394, 100, 35.73%, 85, 0, 3, 870.98, 169524, 1075, 30261, 0
200, 0, 140, 446, 394, 100, 35.73%, 87, 0, 3, 877.41, 173944, 1075, 31191, 0
205, 0, 140, 447, 395, 100, 35.73%, 87, 0, 3, 878.83, 178388, 1075, 32171, 0
210, 0, 140, 449, 397, 100, 35.89%, 87, 0, 3, 874.94, 182805, 1080, 33123, 0
215, 0, 237, 476, 418, 103, 36.03%, 88, 0, 3, 900.85, 187416, 1084, 33693, 0
220, 0, 237, 491, 433, 103, 36.06%, 88, 0, 3, 860.41, 191669, 1085, 34519, 0
225, 0, 237, 496, 438, 103, 36.16%, 89, 0, 3, 859.77, 196022, 1088, 35359, 0
230, 0, 149, 501, 442, 104, 36.16%, 89, 0, 3, 846.53, 200429, 1088, 36158, 0
235, 0, 266, 520, 449, 93, 36.66%, 93, 0, 3, 833.68, 204772, 1103, 36611, 0
240, 0, 266, 539, 468, 93, 36.89%, 102, 0, 3, 801.10, 208660, 1110, 37575, 0
245, 0, 266, 553, 482, 93, 37.12%, 107, 0, 3, 805.46, 212743, 1117, 38586, 0
250, 0, 288, 575, 500, 99, 37.29%, 110, 0, 4, 816.03, 216918, 1122, 39120, 0
256, 0, 288, 586, 511, 99, 37.95%, 111, 0, 4, 820.38, 220989, 1142, 39798, 0
261, 0, 288, 588, 513, 99, 37.95%, 111, 0, 4, 828.44, 225148, 1142, 40623, 0
266, 0, 288, 589, 514, 99, 37.95%, 111, 0, 4, 830.03, 229331, 1142, 41386, 0
271, 0, 288, 593, 518, 99, 38.22%, 111, 0, 4, 833.88, 233631, 1150, 42222, 0
276, 0, 288, 595, 520, 99, 38.25%, 111, 0, 4, 821.70, 237885, 1151, 43079, 0
281, 0, 288, 595, 520, 99, 38.25%, 111, 0, 4, 842.08, 242141, 1151, 43970, 0
286, 0, 288, 597, 522, 99, 38.29%, 111, 0, 4, 827.66, 246267, 1152, 44783, 0
291, 0, 288, 599, 524, 99, 38.29%, 111, 0, 4, 841.23, 250521, 1152, 45646, 0
296, 0, 288, 603, 528, 99, 38.29%, 111, 0, 4, 818.87, 254616, 1152, 46482, 0
301, 0, 288, 604, 529, 99, 38.29%, 111, 0, 4, 822.15, 258831, 1152, 47343, 0
307, 0, 288, 606, 531, 99, 38.29%, 111, 0, 4, 828.81, 263117, 1152, 48137, 0
312, 0, 288, 606, 531, 99, 38.29%, 112, 0, 4, 843.48, 267389, 1152, 48956, 0
317, 0, 171, 611, 531, 102, 38.29%, 114, 0, 4, 892.69, 272260, 1152, 49442, 0
322, 0, 488, 619, 529, 92, 38.29%, 116, 0, 4, 885.08, 276875, 1152, 49853, 0
327, 0, 492, 632, 534, 88, 38.38%, 120, 0, 4, 888.78, 281554, 1155, 50334, 0
332, 0, 243, 641, 533, 81, 38.45%, 123, 0, 4, 875.65, 286264, 1157, 50780, 0
338, 0, 265, 652, 541, 80, 38.48%, 125, 0, 4, 855.42, 290801, 1158, 51537, 0
344, 0, 308, 656, 538, 76, 38.52%, 128, 0, 4, 869.24, 296605, 1159, 51902, 0
349, 0, 304, 674, 548, 69, 38.58%, 132, 0, 4, 842.65, 300789, 1161, 52542, 0
354, 0, 426, 685, 556, 68, 38.58%, 133, 0, 4, 841.80, 305218, 1161, 52931, 0
360, 0, 310, 690, 556, 63, 38.95%, 135, 0, 5, 853.29, 309432, 1172, 53160, 0
367, 0, 309, 694, 559, 63, 39.05%, 136, 0, 5, 840.22, 315459, 1175, 53597, 0
372, 0, 318, 711, 573, 60, 39.05%, 136, 0, 5, 843.50, 319579, 1175, 53676, 0
377, 0, 318, 717, 579, 60, 39.32%, 140, 0, 5, 752.82, 323359, 1183, 55040, 0
382, 0, 318, 721, 583, 60, 39.42%, 142, 0, 5, 733.48, 327009, 1186, 56489, 0
387, 0, 318, 723, 585, 60, 39.45%, 143, 0, 5, 733.81, 330705, 1187, 57961, 0
392, 0, 318, 724, 586, 60, 39.48%, 145, 0, 5, 727.73, 334506, 1188, 59469, 0
397, 0, 318, 726, 588, 60, 39.58%, 146, 0, 5, 721.02, 338132, 1191, 60935, 0
402, 0, 318, 729, 591, 60, 39.58%, 146, 0, 5, 706.00, 341710, 1191, 62362, 0
407, 0, 318, 729, 591, 60, 39.58%, 147, 0, 5, 719.10, 345448, 1191, 63848, 0
412, 0, 318, 735, 597, 60, 39.71%, 147, 0, 5, 718.78, 349102, 1195, 65288, 0
417, 0, 318, 736, 598, 60, 39.71%, 148, 0, 5, 696.85, 352749, 1195, 66761, 0
422, 0, 318, 737, 599, 60, 39.75%, 148, 0, 5, 720.26, 356438, 1196, 68289, 0
428, 0, 311, 740, 601, 68, 39.75%, 148, 0, 5, 726.20, 361220, 1196, 69217, 0
433, 0, 379, 767, 626, 66, 39.75%, 148, 0, 5, 792.84, 365393, 1196, 69489, 0
439, 0, 379, 780, 639, 66, 39.75%, 148, 0, 5, 844.70, 369805, 1196, 70326, 0
444, 0, 379, 785, 644, 66, 39.75%, 148, 0, 5, 871.88, 374251, 1196, 71102, 0
449, 0, 657, 791, 647, 64, 39.78%, 148, 0, 5, 880.37, 378849, 1197, 71871, 0
454, 0, 691, 793, 644, 60, 39.85%, 149, 0, 5, 845.59, 383062, 1199, 72134, 0
459, 0, 691, 815, 666, 60, 39.85%, 149, 0, 5, 901.35, 387843, 1199, 72339, 0
464, 0, 691, 815, 666, 60, 39.85%, 149, 0, 5, 918.60, 392505, 1199, 72558, 0
469, 0, 720, 818, 667, 58, 39.85%, 150, 0, 5, 874.36, 397055, 1199, 72777, 0
474, 0, 738, 828, 675, 57, 39.88%, 152, 0, 5, 785.87, 401062, 1200, 73091, 0
479, 0, 738, 831, 678, 57, 39.95%, 152, 0, 5, 751.01, 404788, 1202, 74356, 0
484, 0, 738, 831, 678, 57, 39.95%, 152, 0, 5, 751.25, 408580, 1202, 75517, 0
489, 0, 738, 832, 679, 57, 39.95%, 152, 0, 5, 741.87, 412255, 1202, 76711, 0
494, 0, 736, 832, 668, 48, 39.95%, 152, 0, 5, 756.42, 416368, 1202, 77289, 0
499, 0, 732, 832, 663, 43, 39.95%, 152, 0, 5, 141.91, 418017, 1202, 77390, 0
505, 0, 732, 838, 669, 43, 39.95%, 152, 0, 5, 121.23, 418654, 1202, 77428, 0
510, 0, 732, 838, 669, 43, 39.95%, 152, 0, 5, 92.52, 419084, 1202, 77432, 0
515, 0, 690, 846, 672, 40, 39.95%, 152, 0, 5, 664.31, 421182, 1202, 77574, 0
520, 0, 844, 850, 673, 38, 39.95%, 153, 0, 5, 835.66, 425617, 1202, 77830, 0
525, 0, 516, 851, 668, 33, 39.95%, 155, 0, 5, 822.29, 429819, 1202, 78002, 0
530, 0, 821, 857, 664, 24, 40.25%, 156, 0, 5, 795.98, 433848, 1211, 78319, 0
535, 0, 730, 860, 664, 23, 40.28%, 156, 0, 5, 705.46, 437413, 1212, 78899, 0
540, 0, 590, 870, 673, 23, 40.48%, 156, 0, 5, 784.52, 441520, 1218, 79732, 0
545, 0, 590, 872, 675, 23, 40.78%, 156, 0, 5, 796.17, 445584, 1227, 80546, 0
551, 0, 590, 872, 675, 23, 40.78%, 156, 0, 5, 833.93, 449979, 1227, 81383, 0
556, 0, 767, 873, 671, 24, 40.78%, 157, 0, 5, 837.42, 454717, 1227, 81791, 0
561, 0, 855, 886, 683, 23, 40.94%, 157, 0, 6, 750.15, 458428, 1232, 82757, 0
566, 0, 855, 888, 685, 23, 40.94%, 157, 0, 6, 746.58, 462108, 1232, 84030, 0
571, 0, 855, 893, 690, 23, 41.08%, 159, 0, 6, 733.42, 465951, 1236, 85300, 0
576, 0, 868, 896, 689, 24, 41.08%, 159, 0, 6, 764.77, 469923, 1236, 86293, 0
581, 0, 660, 899, 683, 16, 41.21%, 159, 0, 6, 791.68, 474048, 1240, 86789, 0
586, 0, 884, 918, 701, 15, 42.01%, 159, 0, 7, 778.24, 478001, 1264, 87087, 0
591, 0, 884, 926, 709, 15, 42.01%, 159, 0, 7, 810.38, 482260, 1264, 87780, 0
597, 0, 884, 935, 718, 15, 42.61%, 159, 0, 7, 822.18, 486435, 1282, 88470, 0
602, 0, 713, 938, 717, 19, 42.64%, 159, 0, 7, 765.63, 490432, 1283, 89070, 0
607, 0, 722, 940, 718, 20, 42.67%, 159, 0, 7, 543.93, 492309, 1284, 89131, 0
612, 0, 932, 945, 720, 17, 42.67%, 159, 0, 8, 706.51, 496082, 1284, 89463, 0
617, 0, 932, 951, 726, 17, 42.71%, 159, 0, 8, 782.22, 500122, 1285, 90346, 0
622, 0, 932, 953, 728, 17, 42.71%, 159, 0, 8, 799.23, 504276, 1285, 91334, 0
627, 0, 850, 957, 731, 17, 42.71%, 159, 0, 8, 815.05, 508385, 1285, 92213, 0
632, 0, 860, 965, 736, 16, 42.74%, 159, 0, 8, 765.59, 512348, 1286, 93001, 0
637, 0, 869, 975, 745, 16, 42.77%, 159, 0, 8, 771.09, 516493, 1287, 93416, 0
643, 0, 869, 980, 750, 16, 42.77%, 159, 0, 8, 756.87, 520398, 1287, 94239, 0
648, 0, 869, 986, 756, 16, 42.77%, 159, 0, 8, 774.38, 524400, 1287, 95064, 0
653, 0, 870, 991, 760, 20, 42.87%, 159, 0, 8, 59.83, 528116, 1290, 95795, 0
658, 0, 895, 997, 763, 18, 42.87%, 159, 0, 8, 646.86, 531241, 1290, 96085, 0
663, 0, 895, 999, 765, 18, 42.87%, 159, 0, 8, 768.10, 535246, 1290, 96871, 0
668, 0, 895, 1001, 767, 18, 42.87%, 159, 0, 8, 792.01, 539280, 1290, 97667, 0
673, 0, 895, 1004, 770, 18, 42.87%, 159, 0, 8, 764.64, 543126, 1290, 98440, 0
679, 0, 923, 1012, 776, 20, 42.87%, 159, 0, 8, 770.20, 547303, 1290, 98666, 0
684, 0, 991, 1031, 793, 19, 42.90%, 159, 0, 9, 818.29, 551326, 1291, 99010, 0
689, 0, 939, 1034, 792, 19, 42.90%, 159, 0, 9, 765.72, 555234, 1291, 99570, 0
694, 0, 1022, 1034, 790, 17, 42.90%, 159, 0, 9, 636.15, 557543, 1291, 99671, 0
699, 0, 953, 1040, 794, 16, 43.14%, 159, 0, 9, 767.58, 561692, 1298, 100222, 0
704, 0, 961, 1041, 794, 15, 43.14%, 159, 0, 9, 798.38, 565752, 1298, 100869, 0
709, 0, 965, 1043, 794, 13, 43.14%, 159, 0, 9, 751.45, 569496, 1298, 101170, 0
714, 0, 987, 1055, 805, 12, 43.17%, 159, 0, 9, 823.00, 573714, 1299, 101725, 0
719, 0, 987, 1065, 815, 12, 43.27%, 159, 0, 9, 873.87, 578340, 1302, 102337, 0
724, 0, 987, 1068, 818, 12, 43.30%, 160, 0, 9, 897.09, 583019, 1303, 103023, 0
730, 0, 960, 1069, 812, 11, 43.30%, 160, 0, 9, 371.41, 585916, 1303, 103297, 0
735, 0, 997, 1082, 824, 11, 43.37%, 160, 0, 9, 785.37, 590442, 1305, 103839, 0
740, 0, 997, 1091, 833, 11, 43.37%, 160, 0, 9, 889.23, 595164, 1305, 104451, 0
745, 0, 997, 1091, 833, 11, 43.37%, 160, 0, 9, 916.92, 599835, 1305, 105066, 0
750, 0, 1011, 1102, 839, 8, 43.37%, 160, 0, 9, 851.89, 604112, 1305, 105399, 0
755, 0, 842, 1104, 838, 6, 43.37%, 160, 0, 9, 830.91, 608308, 1305, 105754, 0
760, 0, 1036, 1112, 842, 5, 43.57%, 160, 0, 9, 813.18, 612336, 1311, 106360, 0
765, 0, 1036, 1115, 845, 5, 43.57%, 160, 0, 9, 828.63, 616485, 1311, 107266, 0
770, 0, 1036, 1116, 846, 5, 43.57%, 160, 0, 9, 821.52, 620620, 1311, 108123, 0
775, 0, 1098, 1119, 846, 5, 43.67%, 160, 0, 9, 832.55, 624858, 1314, 108844, 0
780, 0, 1075, 1128, 854, 5, 43.67%, 160, 0, 9, 900.16, 629618, 1314, 109486, 0
785, 0, 1075, 1134, 860, 5, 43.70%, 160, 0, 9, 922.14, 634286, 1315, 110034, 0
791, 0, 1076, 1150, 875, 10, 44.00%, 160, 0, 9, 822.76, 638498, 1324, 110832, 0
796, 0, 1076, 1154, 879, 10, 44.00%, 161, 0, 9, 791.67, 642436, 1324, 111747, 0
801, 0, 1137, 1159, 881, 12, 44.00%, 161, 0, 9, 812.93, 646694, 1324, 112491, 0
806, 0, 1122, 1166, 887, 11, 44.00%, 161, 0, 10, 800.95, 650761, 1324, 113248, 0
811, 0, 1122, 1168, 889, 11, 44.00%, 161, 0, 10, 794.51, 654717, 1324, 114059, 0
816, 0, 1108, 1180, 900, 11, 44.07%, 161, 0, 10, 823.65, 659037, 1326, 114846, 0
821, 0, 1108, 1183, 903, 11, 44.13%, 161, 0, 10, 825.41, 663202, 1328, 115689, 0
826, 0, 1117, 1185, 904, 15, 44.13%, 161, 0, 10, 833.46, 667489, 1328, 116563, 0
832, 0, 1166, 1189, 902, 12, 44.37%, 161, 0, 10, 794.08, 671098, 1335, 116980, 0
837, 0, 1152, 1201, 911, 10, 44.50%, 161, 0, 11, 805.22, 675314, 1339, 117720, 0
842, 0, 1152, 1209, 919, 10, 44.53%, 161, 0, 11, 831.38, 679466, 1340, 118541, 0
847, 0, 1142, 1218, 927, 12, 44.67%, 161, 0, 11, 814.92, 683605, 1344, 119381, 0
852, 0, 1217, 1224, 929, 10, 44.67%, 161, 0, 11, 850.51, 688117, 1344, 120060, 0
857, 0, 1217, 1226, 931, 10, 44.93%, 161, 0, 11, 844.13, 692492, 1352, 120920, 0
862, 0, 1168, 1231, 935, 11, 44.93%, 161, 0, 11, 861.25, 696926, 1352, 121670, 0
867, 0, 1180, 1239, 942, 10, 45.03%, 161, 0, 11, 849.73, 701300, 1355, 122313, 0
872, 0, 1180, 1242, 945, 10, 45.10%, 161, 0, 11, 818.33, 705407, 1357, 123158, 0
878, 0, 1180, 1243, 946, 10, 45.10%, 162, 0, 11, 828.30, 709590, 1357, 124017, 0
883, 0, 1180, 1244, 947, 10, 45.10%, 162, 0, 11, 830.80, 713805, 1357, 124877, 0
888, 0, 1180, 1245, 948, 10, 45.13%, 162, 0, 11, 821.10, 717924, 1358, 125721, 0
893, 0, 1180, 1246, 949, 10, 45.13%, 162, 0, 11, 819.31, 722171, 1358, 126682, 0
898, 0, 1180, 1246, 949, 10, 45.13%, 162, 0, 11, 834.60, 726411, 1358, 127571, 0
903, 0, 1180, 1247, 950, 10, 45.16%, 162, 0, 11, 838.46, 730642, 1359, 128422, 0
908, 0, 1180, 1247, 950, 10, 45.16%, 162, 0, 11, 823.56, 734786, 1359, 129334, 0
913, 0, 887, 1249, 950, 13, 45.16%, 162, 0, 11, 816.88, 739087, 1359, 130090, 0
919, 0, 1103, 1250, 950, 13, 45.16%, 162, 0, 11, 794.42, 744038, 1359, 130175, 0
924, 0, 1224, 1262, 961, 13, 45.20%, 162, 0, 12, 850.95, 748510, 1360, 130945, 0
929, 0, 1224, 1263, 962, 13, 45.20%, 162, 0, 12, 878.05, 752954, 1360, 131810, 0
934, 0, 1209, 1266, 962, 12, 45.20%, 162, 0, 12, 864.44, 757432, 1360, 132594, 0
939, 0, 1215, 1273, 963, 9, 45.20%, 162, 0, 12, 862.64, 761919, 1360, 133221, 0
945, 0, 1246, 1278, 962, 5, 45.23%, 164, 0, 13, 835.51, 765974, 1361, 133798, 0
950, 0, 1275, 1282, 956, 3, 45.23%, 164, 0, 14, 818.41, 770212, 1361, 134168, 0
955, 0, 1160, 1289, 957, 1, 45.23%, 164, 0, 14, 829.15, 774446, 1361, 134682, 0
960, 0, 1160, 1294, 962, 1, 45.23%, 164, 0, 14, 845.95, 778849, 1361, 135547, 0
965, 0, 1160, 1296, 964, 1, 45.23%, 164, 0, 14, 858.06, 783163, 1361, 136368, 0
971, 0, 905, 1299, 962, 0, 45.23%, 164, 0, 14, 827.02, 788094, 1361, 136715, 0
976, 0, 1242, 1300, 951, 0, 45.23%, 165, 0, 14, 848.87, 792513, 1361, 137382, 0
981, 0, 1282, 1307, 958, 0, 45.26%, 165, 0, 15, 837.68, 796686, 1362, 138275, 0
986, 0, 1282, 1309, 960, 0, 45.26%, 165, 0, 15, 815.28, 800908, 1362, 139167, 0
991, 0, 1282, 1312, 963, 0, 45.26%, 165, 0, 15, 844.26, 805121, 1362, 140065, 0
996, 0, 1312, 1313, 960, 1, 45.26%, 165, 0, 15, 834.09, 809679, 1362, 140310, 0
1002, 0, 1312, 1328, 975, 1, 45.33%, 166, 0, 15, 785.76, 813665, 1364, 141120, 0
1007, 0, 1312, 1328, 975, 1, 45.33%, 166, 0, 15, 811.94, 817788, 1364, 142131, 0
1012, 0, 1312, 1328, 975, 1, 45.33%, 166, 0, 15, 837.17, 821980, 1364, 143097, 0
1017, 0, 1328, 1330, 975, 2, 45.36%, 166, 0, 15, 795.22, 826249, 1365, 143408, 0
1022, 0, 1328, 1338, 983, 2, 45.36%, 166, 0, 15, 778.83, 830149, 1365, 144898, 0
1027, 0, 1328, 1340, 985, 2, 45.36%, 167, 0, 15, 777.41, 834063, 1365, 146510, 0
1032, 0, 1328, 1341, 986, 2, 45.36%, 167, 0, 15, 774.58, 838000, 1365, 148132, 0
1037, 0, 164, 1341, 981, 0, 45.36%, 167, 0, 15, 779.48, 841943, 1365, 148903, 0
1042, 0, 319, 1341, 979, 0, 45.36%, 167, 0, 15, 768.99, 846448, 1365, 149093, 0
1047, 0, 327, 1341, 972, 0, 45.36%, 167, 0, 15, 823.69, 850776, 1365, 149680, 0
1052, 0, 1085, 1349, 979, 0, 45.36%, 167, 0, 15, 838.05, 855025, 1365, 150472, 0
1057, 0, 1085, 1351, 981, 0, 45.36%, 167, 0, 15, 816.24, 859103, 1365, 151311, 0
1063, 0, 1348, 1356, 983, 2, 45.36%, 167, 0, 15, 848.16, 863529, 1365, 152106, 0
1068, 0, 44, 1357, 980, 2, 45.36%, 167, 0, 15, 859.48, 868124, 1365, 152435, 0
1073, 0, 1354, 1364, 986, 3, 45.53%, 168, 0, 15, 840.77, 872384, 1370, 153259, 0
1078, 0, 1354, 1364, 986, 3, 45.53%, 168, 0, 15, 836.76, 876640, 1370, 154163, 0
1083, 0, 1362, 1369, 987, 3, 45.53%, 168, 0, 15, 870.47, 881171, 1370, 154999, 0
1088, 0, 1362, 1373, 991, 3, 45.53%, 168, 0, 15, 881.95, 885585, 1370, 155905, 0
1093, 0, 1357, 1376, 993, 3, 45.53%, 168, 0, 15, 865.83, 890195, 1370, 156608, 0
1099, 0, 776, 1396, 1010, 2, 45.53%, 168, 0, 15, 856.74, 894689, 1370, 157127, 0
1104, 0, 222, 1399, 1007, 0, 45.53%, 168, 0, 15, 925.67, 899286, 1370, 157748, 0
1109, 0, 171, 1401, 1003, 0, 45.53%, 169, 0, 15, 853.29, 903643, 1370, 158413, 0
1114, 0, 60, 1402, 1000, 0, 45.53%, 169, 0, 15, 913.03, 908720, 1370, 158720, 0
1119, 0, 735, 1402, 997, 0, 45.53%, 169, 0, 15, 189.92, 911292, 1370, 158924, 0
1124, 0, 1008, 1403, 994, 0, 45.53%, 169, 0, 15, 902.72, 914427, 1370, 159412, 0
1129, 0, 744, 1406, 992, 0, 45.53%, 169, 0, 15, 874.18, 918767, 1370, 159921, 0
1134, 0, 1211, 1409, 992, 0, 45.53%, 169, 0, 15, 850.32, 922850, 1370, 160126, 0
1139, 0, 746, 1410, 991, 0, 45.53%, 169, 0, 15, 839.48, 927106, 1370, 160860, 0
1144, 0, 826, 1411, 986, 0, 45.53%, 170, 0, 15, 800.80, 930991, 1370, 161160, 0
1149, 0, 723, 1411, 981, 0, 45.53%, 170, 0, 15, 787.73, 934939, 1370, 161640, 0
1155, 0, 1311, 1413, 979, 0, 45.56%, 171, 0, 15, 203.38, 938723, 1371, 162104, 0
1160, 0, 1200, 1414, 976, 0, 45.56%, 171, 0, 15, 563.58, 942913, 1371, 162420, 0
1165, 0, 810, 1417, 975, 0, 45.56%, 172, 0, 15, 792.41, 947269, 1371, 163220, 0
1170, 0, 1417, 1428, 984, 1, 45.70%, 173, 0, 15, 853.97, 951735, 1375, 163818, 0
1175, 0, 1417, 1432, 988, 1, 45.70%, 173, 0, 15, 798.58, 955723, 1375, 164609, 0
1180, 0, 1417, 1438, 994, 1, 45.73%, 173, 0, 15, 840.36, 959957, 1376, 165504, 0
1185, 0, 1002, 1444, 994, 3, 45.73%, 173, 0, 15, 890.06, 964504, 1376, 166213, 0
1190, 0, 1437, 1452, 996, 3, 45.73%, 173, 0, 15, 847.64, 968856, 1376, 166828, 0
1195, 0, 1437, 1456, 1000, 3, 45.73%, 173, 0, 15, 853.14, 973253, 1376, 167673, 0
1201, 0, 1441, 1460, 1003, 4, 45.76%, 173, 0, 15, 843.72, 977554, 1377, 168407, 0
1206, 0, 1441, 1462, 1005, 4, 45.76%, 173, 0, 15, 805.32, 981760, 1377, 169237, 0
1211, 0, 1443, 1467, 1009, 5, 45.76%, 173, 0, 15, 836.06, 986101, 1377, 170089, 0
1216, 0, 1443, 1467, 1009, 5, 45.76%, 173, 0, 15, 849.88, 990501, 1377, 171030, 0
1221, 0, 1390, 1471, 1011, 4, 45.80%, 173, 0, 15, 885.35, 995151, 1378, 171377, 0
1227, 0, 1470, 1473, 1007, 1, 45.80%, 173, 0, 15, 911.33, 1000490, 1378, 171773, 0
1232, 0, 990, 1476, 1006, 0, 45.80%, 173, 0, 15, 71.82, 1004065, 1378, 172122, 0
1237, 0, 338, 1477, 1001, 0, 45.80%, 173, 0, 15, 849.56, 1006789, 1378, 172596, 0
1242, 0, 1438, 1483, 1000, 0, 45.80%, 173, 0, 15, 834.36, 1010913, 1378, 173310, 0
1247, 0, 1438, 1486, 1003, 0, 45.80%, 173, 0, 15, 837.67, 1015094, 1378, 174179, 0
1254, 0, 955, 1489, 1004, 0, 45.80%, 173, 0, 15, 810.37, 1021096, 1378, 174834, 0
1259, 0, 1281, 1490, 1000, 0, 45.80%, 173, 0, 15, 817.43, 1025440, 1378, 175498, 0
1264, 0, 258, 1493, 996, 0, 45.80%, 173, 0, 15, 796.30, 1029263, 1378, 175948, 0
1269, 0, 1333, 1495, 990, 0, 45.80%, 173, 0, 15, 795.58, 1033384, 1378, 176471, 0
1275, 0, 838, 1495, 989, 0, 45.80%, 173, 0, 15, 84.49, 1034839, 1378, 176626, 0
1280, 0, 550, 1496, 986, 0, 45.80%, 173, 0, 15, 906.65, 1037589, 1378, 176874, 0
1285, 0, 835, 1497, 987, 0, 45.80%, 173, 0, 15, 137.58, 1038479, 1378, 176908, 0
1290, 0, 1409, 1502, 991, 0, 45.80%, 173, 0, 15, 868.71, 1042406, 1378, 177619, 0
1295, 0, 1409, 1502, 991, 0, 45.80%, 173, 0, 15, 863.72, 1046776, 1378, 178362, 0
1300, 0, 1500, 1508, 996, 1, 45.80%, 175, 0, 15, 826.66, 1051025, 1378, 179096, 0
1305, 0, 1500, 1510, 998, 1, 45.80%, 176, 0, 15, 777.37, 1054916, 1378, 179933, 0
1310, 0, 1500, 1510, 998, 1, 45.80%, 178, 0, 15, 794.19, 1058966, 1378, 180750, 0
1315, 0, 1004, 1510, 992, 0, 45.80%, 178, 0, 15, 800.19, 1063389, 1378, 180955, 0
1320, 0, 296, 1512, 989, 0, 45.80%, 179, 0, 15, 810.65, 1067448, 1378, 181504, 0
1325, 0, 1050, 1512, 985, 0, 45.80%, 180, 0, 15, 801.72, 1071622, 1378, 182108, 0
1330, 0, 1332, 1512, 978, 0, 45.80%, 181, 0, 15, 852.64, 1075385, 1378, 182649, 0
1336, 0, 1449, 1512, 975, 0, 45.80%, 181, 0, 15, 855.49, 1079932, 1378, 183017, 0
1341, 0, 1431, 1513, 969, 0, 45.80%, 181, 0, 15, 778.18, 1083964, 1378, 183481, 0
1346, 0, 661, 1515, 965, 0, 45.80%, 181, 0, 15, 835.78, 1088287, 1378, 184253, 0
1351, 0, 1346, 1520, 969, 0, 45.80%, 181, 0, 15, 803.90, 1092298, 1378, 185064, 0
1356, 0, 1346, 1521, 970, 0, 45.80%, 181, 0, 15, 794.04, 1096305, 1378, 185942, 0
1361, 0, 298, 1521, 967, 0, 45.80%, 181, 0, 15, 813.56, 1100585, 1378, 186389, 0
1366, 0, 736, 1521, 960, 0, 45.80%, 181, 0, 15, 749.00, 1104287, 1378, 186716, 0
1371, 0, 215, 1526, 965, 0, 45.83%, 181, 0, 15, 824.24, 1108859, 1379, 187321, 0
1376, 0, 1098, 1530, 964, 0, 45.86%, 183, 0, 15, 817.19, 1112957, 1380, 188086, 0
1381, 0, 1528, 1533, 967, 2, 45.86%, 184, 0, 15, 807.84, 1117037, 1380, 188926, 0
1386, 0, 1529, 1535, 963, 1, 45.86%, 184, 0, 15, 789.83, 1120947, 1380, 189385, 0
1391, 0, 1529, 1540, 968, 1, 45.90%, 184, 0, 15, 794.71, 1124942, 1381, 190169, 0
1396, 0, 1529, 1541, 969, 1, 45.93%, 184, 0, 15, 774.98, 1128776, 1382, 190968, 0
1402, 0, 914, 1541, 967, 3, 45.93%, 184, 0, 15, 770.75, 1133536, 1382, 191351, 0
1407, 0, 834, 1541, 966, 3, 45.93%, 184, 0, 15, 144.89, 1134512, 1382, 191370, 0
1413, 0, 896, 1544, 966, 2, 45.93%, 184, 0, 15, 682.13, 1139249, 1382, 191883, 0
1418, 0, 1469, 1547, 965, 1, 45.93%, 184, 0, 15, 821.32, 1143496, 1382, 192474, 0
1423, 0, 1178, 1547, 957, 1, 45.93%, 184, 0, 15, 782.86, 1147494, 1382, 192867, 0
1428, 0, 1540, 1558, 967, 1, 45.93%, 185, 0, 15, 834.32, 1151716, 1382, 193607, 0
1433, 0, 1540, 1558, 967, 1, 45.93%, 185, 0, 15, 845.83, 1156004, 1382, 194406, 0
1438, 0, 1100, 1563, 969, 1, 45.93%, 185, 0, 15, 812.49, 1160211, 1382, 194964, 0
1443, 0, 111, 1563, 963, 1, 45.93%, 185, 0, 15, 811.60, 1164385, 1382, 195231, 0
1448, 0, 1204, 1564, 955, 0, 45.93%, 185, 0, 15, 798.17, 1168514, 1382, 195661, 0
1453, 0, 825, 1564, 950, 0, 45.93%, 186, 0, 15, 781.22, 1172344, 1382, 196110, 0
1458, 0, 767, 1564, 944, 0, 45.93%, 186, 0, 15, 792.27, 1176260, 1382, 196643, 0
1463, 0, 1122, 1565, 940, 0, 45.93%, 186, 0, 15, 827.24, 1180560, 1382, 197407, 0
1468, 0, 876, 1565, 935, 0, 45.93%, 186, 0, 15, 863.73, 1185018, 1382, 197859, 0
1474, 0, 1493, 1569, 934, 0, 45.93%, 187, 0, 15, 830.32, 1189102, 1382, 198598, 0
1479, 0, 1530, 1570, 932, 0, 45.93%, 187, 0, 15, 832.20, 1193377, 1382, 198876, 0
1484, 0, 1530, 1573, 935, 0, 45.93%, 187, 0, 15, 849.36, 1197814, 1382, 199721, 0
1489, 0, 1530, 1575, 937, 0, 45.93%, 187, 0, 15, 852.92, 1202092, 1382, 200524, 0
1494, 0, 433, 1576, 933, 0, 45.96%, 188, 0, 15, 811.06, 1206071, 1383, 201158, 0
1499, 0, 1443, 1576, 925, 0, 45.96%, 188, 0, 15, 816.99, 1210175, 1383, 201820, 0
1504, 0, 1040, 1576, 924, 0, 45.96%, 188, 0, 15, 828.27, 1214592, 1383, 202051, 0
1509, 0, 178, 1580, 924, 0, 46.00%, 188, 0, 15, 781.20, 1218361, 1384, 203033, 0
1514, 0, 1473, 1585, 926, 0, 46.03%, 189, 0, 15, 846.93, 1222744, 1385, 203543, 0
1519, 0, 1168, 1590, 927, 0, 46.03%, 189, 0, 15, 845.41, 1227124, 1385, 203930, 0
1525, 0, 1358, 1591, 926, 0, 46.03%, 189, 0, 15, 803.80, 1231327, 1385, 204259, 0
1530, 0, 785, 1594, 924, 0, 46.03%, 189, 0, 15, 820.11, 1235314, 1385, 205015, 0
1535, 0, 1441, 1595, 921, 0, 46.03%, 189, 0, 15, 877.85, 1239768, 1385, 205627, 0
1540, 0, 1528, 1596, 915, 0, 46.03%, 189, 0, 15, 882.91, 1244338, 1385, 206140, 0
1545, 0, 1446, 1596, 912, 0, 46.03%, 189, 0, 15, 838.56, 1248778, 1385, 206511, 0
1550, 0, 725, 1597, 910, 0, 46.03%, 189, 0, 15, 810.47, 1252853, 1385, 207063, 0
1555, 0, 1542, 1599, 908, 0, 46.03%, 189, 0, 15, 805.93, 1256904, 1385, 207514, 0
1560, 0, 1405, 1599, 903, 0, 46.03%, 189, 0, 15, 798.54, 1260935, 1385, 208070, 0
1565, 0, 825, 1599, 900, 0, 46.03%, 189, 0, 15, 795.93, 1265010, 1385, 208349, 0
1570, 0, 1599, 1619, 916, 1, 46.16%, 190, 0, 15, 868.88, 1269506, 1389, 208933, 0
1575, 0, 1477, 1620, 913, 0, 46.16%, 190, 0, 15, 799.02, 1273493, 1389, 209256, 0
1581, 0, 461, 1622, 909, 0, 46.16%, 190, 0, 15, 815.00, 1277704, 1389, 209894, 0
1587, 0, 806, 1622, 905, 0, 46.16%, 190, 0, 15, 883.85, 1283308, 1389, 210109, 0
1592, 0, 1315, 1625, 901, 0, 46.16%, 190, 0, 15, 736.64, 1287029, 1389, 210601, 0
1597, 0, 1446, 1625, 894, 0, 46.16%, 190, 0, 15, 803.90, 1291143, 1389, 211176, 0
1602, 0, 449, 1626, 889, 0, 46.16%, 190, 0, 15, 846.68, 1295409, 1389, 211871, 0
1607, 0, 693, 1626, 888, 0, 46.16%, 191, 0, 15, 827.68, 1299719, 1389, 212051, 0
1612, 0, 166, 1626, 881, 0, 46.16%, 191, 0, 15, 796.83, 1303778, 1389, 212619, 0
1617, 0, 1162, 1626, 877, 0, 46.16%, 192, 0, 15, 813.65, 1307948, 1389, 213213, 0
1622, 0, 939, 1627, 873, 0, 46.16%, 192, 0, 15, 730.04, 1311613, 1389, 213667, 0
1627, 0, 1476, 1630, 874, 0, 46.16%, 192, 0, 15, 773.70, 1315344, 1389, 214317, 0
1634, 0, 811, 1630, 869, 0, 46.16%, 192, 0, 15, 816.73, 1321345, 1389, 214887, 0
1639, 0, 497, 1630, 863, 0, 46.16%, 192, 0, 15, 784.83, 1325284, 1389, 215537, 0
1645, 0, 1430, 1630, 858, 0, 46.16%, 192, 0, 15, 826.28, 1329588, 1389, 216348, 0
1650, 0, 1421, 1630, 852, 0, 46.16%, 192, 0, 15, 832.85, 1333759, 1389, 216934, 0
1655, 0, 906, 1630, 848, 0, 46.16%, 192, 0, 15, 799.93, 1337903, 1389, 217543, 0
1660, 0, 946, 1630, 844, 0, 46.16%, 192, 0, 15, 800.56, 1342123, 1389, 218089, 0
1666, 0, 1630, 1631, 842, 1, 46.16%, 192, 0, 15, 856.06, 1347832, 1389, 218374, 0
1671, 0, 1509, 1636, 846, 0, 46.16%, 192, 0, 15, 818.83, 1351926, 1389, 219145, 0
1676, 0, 1509, 1637, 847, 0, 46.16%, 192, 0, 15, 808.01, 1355997, 1389, 220002, 0
1681, 0, 161, 1638, 844, 0, 46.16%, 192, 0, 15, 826.24, 1360111, 1389, 220686, 0
1686, 0, 583, 1639, 843, 0, 46.16%, 192, 0, 15, 875.31, 1364785, 1389, 221053, 0
1692, 0, 1445, 1639, 837, 0, 46.16%, 192, 0, 15, 824.28, 1368932, 1389, 221688, 0
1697, 0, 1168, 1641, 835, 0, 46.16%, 192, 0, 15, 829.56, 1373167, 1389, 222363, 0
1702, 0, 1101, 1642, 832, 0, 46.16%, 192, 0, 15, 832.65, 1377445, 1389, 222795, 0
1707, 0, 1305, 1644, 831, 0, 46.16%, 192, 0, 15, 840.28, 1381713, 1389, 223576, 0
1712, 0, 1457, 1644, 828, 0, 46.16%, 193, 0, 15, 840.16, 1386078, 1389, 224366, 0
1717, 1, 1292, 1644, 821, 0, 46.16%, 193, 0, 15, 855.63, 1390375, 1389, 224892, 0
1722, 1, 199, 1648, 821, 0, 46.16%, 194, 0, 15, 900.60, 1395314, 1389, 225704, 0
1727, 1, 1436, 1649, 811, 0, 46.16%, 194, 0, 15, 872.02, 1399749, 1389, 226234, 0
1733, 1, 774, 1649, 806, 0, 46.16%, 194, 0, 15, 858.86, 1404363, 1389, 226497, 0
1738, 1, 1195, 1649, 799, 0, 46.16%, 194, 0, 15, 874.79, 1408742, 1389, 226839, 0
1743, 1, 1339, 1649, 791, 0, 46.16%, 194, 0, 15, 794.10, 1412773, 1389, 227190, 0
1748, 1, 949, 1649, 786, 0, 46.16%, 195, 0, 15, 748.13, 1416364, 1389, 227542, 0
1753, 1, 1019, 1650, 783, 0, 46.16%, 195, 0, 15, 765.03, 1420277, 1389, 227816, 0
1758, 1, 67, 1650, 779, 0, 46.16%, 195, 0, 15, 771.39, 1424224, 1389, 228310, 0
1763, 1, 1091, 1650, 768, 0, 46.16%, 195, 0, 15, 814.64, 1428364, 1389, 228712, 0
1768, 1, 1029, 1651, 764, 0, 46.16%, 195, 0, 15, 799.01, 1432342, 1389, 229187, 0
1773, 1, 1163, 1651, 760, 0, 46.16%, 195, 0, 15, 788.84, 1436618, 1389, 229545, 0
1778, 1, 1500, 1652, 752, 0, 46.16%, 195, 0, 15, 824.31, 1440702, 1389, 229989, 0
1783, 1, 1223, 1653, 744, 0, 46.16%, 195, 0, 15, 853.56, 1444997, 1389, 230459, 0
1788, 1, 70, 1655, 741, 0, 46.16%, 195, 0, 16, 865.96, 1449320, 1389, 231148, 0
1794, 1, 1468, 1656, 736, 0, 46.16%, 195, 0, 16, 817.59, 1453403, 1389, 231516, 0
1800, 1, 831, 1657, 731, 0, 46.16%, 195, 0, 16, 0.00, 1458423, 1389, 231829, 0
