# relative_time, cycles_done, cur_item, corpus_count, pending_total, pending_favs, map_size, saved_crashes, saved_hangs, max_depth, execs_per_sec, total_execs, edges_found, total_crashes, servers_count
61, 0, 239, 568, 470, 95, 4.42%, 13, 0, 3, 2718.57, 163020, 2894, 48, 0
66, 0, 285, 595, 494, 98, 4.47%, 14, 0, 3, 2690.78, 177036, 2931, 52, 0
71, 0, 285, 614, 513, 98, 4.50%, 14, 0, 3, 1126.28, 180388, 2948, 52, 0
76, 0, 285, 640, 539, 98, 4.60%, 14, 0, 3, 2012.90, 192124, 3013, 52, 0
81, 0, 285, 645, 544, 98, 4.61%, 14, 0, 3, 2364.82, 204241, 3023, 52, 0
86, 0, 360, 669, 554, 93, 4.63%, 14, 0, 4, 2464.86, 217412, 3034, 52, 0
91, 0, 360, 679, 564, 93, 4.64%, 14, 0, 4, 2222.80, 228315, 3044, 52, 0
96, 0, 288, 720, 594, 83, 4.65%, 15, 0, 4, 2557.92, 241265, 3046, 79, 0
101, 0, 290, 735, 608, 84, 4.74%, 15, 0, 4, 2798.91, 255765, 3104, 79, 0
107, 0, 304, 776, 643, 91, 4.81%, 15, 0, 4, 2564.34, 270812, 3150, 79, 0
112, 0, 306, 832, 698, 91, 4.84%, 15, 0, 4, 2128.41, 280951, 3173, 79, 0
118, 0, 345, 854, 719, 97, 4.86%, 15, 0, 4, 2594.11, 294548, 3186, 79, 0
123, 0, 838, 870, 733, 98, 4.89%, 15, 0, 4, 2411.84, 306480, 3206, 79, 0
128, 0, 867, 875, 728, 91, 4.89%, 15, 0, 5, 154.29, 312137, 3206, 79, 0
133, 0, 435, 916, 765, 90, 4.91%, 16, 0, 5, 2174.21, 317550, 3219, 80, 0
138, 0, 449, 940, 787, 91, 4.91%, 16, 0, 5, 2011.12, 326585, 3219, 80, 0
143, 0, 479, 952, 780, 76, 4.93%, 16, 0, 5, 2348.54, 338902, 3228, 80, 0
148, 0, 949, 962, 788, 74, 4.93%, 16, 0, 5, 2059.32, 348831, 3231, 80, 0
153, 0, 626, 992, 811, 72, 4.93%, 16, 0, 5, 2269.62, 360397, 3231, 80, 0
158, 0, 962, 1001, 817, 70, 4.94%, 16, 0, 5, 2588.08, 373578, 3235, 80, 0
163, 0, 539, 1016, 826, 67, 4.94%, 16, 0, 5, 2611.56, 386657, 3239, 80, 0
168, 0, 656, 1032, 838, 65, 4.97%, 18, 0, 5, 2594.04, 399634, 3260, 86, 0
173, 0, 616, 1060, 860, 63, 5.01%, 18, 0, 5, 2484.13, 412057, 3283, 90, 0
178, 0, 577, 1072, 871, 66, 5.01%, 20, 0, 5, 2375.70, 424026, 3283, 92, 0
184, 0, 1074, 1106, 894, 64, 5.01%, 20, 0, 5, 2143.93, 434880, 3284, 93, 0
189, 0, 717, 1118, 904, 64, 5.02%, 20, 0, 5, 2295.44, 446433, 3288, 93, 0
195, 0, 774, 1133, 906, 54, 5.02%, 20, 0, 5, 2503.08, 462236, 3288, 93, 0
200, 0, 1045, 1162, 933, 52, 5.06%, 20, 0, 5, 2283.66, 473366, 3314, 93, 0
205, 0, 1044, 1171, 940, 56, 5.06%, 20, 0, 5, 2472.16, 486042, 3314, 93, 0
210, 0, 824, 1176, 941, 56, 5.09%, 20, 0, 5, 2294.50, 496465, 3335, 93, 0
215, 0, 834, 1219, 983, 55, 5.11%, 20, 0, 5, 2474.13, 508946, 3349, 93, 0
220, 0, 1215, 1248, 1009, 58, 5.13%, 20, 0, 5, 2614.23, 521979, 3365, 93, 0
225, 0, 1154, 1263, 1016, 51, 5.13%, 20, 0, 6, 1285.00, 531693, 3365, 93, 0
230, 0, 1154, 1272, 1025, 51, 5.16%, 20, 0, 6, 1831.65, 541581, 3381, 93, 0
235, 0, 1194, 1282, 1032, 53, 5.18%, 20, 0, 6, 1967.54, 551858, 3395, 93, 0
240, 0, 1194, 1299, 1049, 53, 5.18%, 20, 0, 6, 2015.70, 562166, 3395, 93, 0
245, 0, 947, 1316, 1061, 50, 5.18%, 20, 0, 6, 2418.10, 574679, 3395, 93, 0
251, 0, 1308, 1336, 1067, 40, 5.18%, 20, 0, 6, 2513.17, 587622, 3395, 93, 0
256, 0, 1015, 1345, 1073, 38, 5.18%, 20, 0, 6, 2637.24, 601448, 3395, 93, 0
261, 0, 1126, 1354, 1074, 31, 5.18%, 20, 0, 6, 2255.94, 612730, 3395, 93, 0
266, 0, 1086, 1365, 1070, 23, 5.22%, 20, 0, 6, 1939.60, 620910, 3418, 93, 0
271, 0, 1086, 1367, 1072, 23, 5.23%, 20, 0, 6, 1290.40, 626645, 3429, 93, 0
276, 0, 1086, 1367, 1072, 23, 5.23%, 20, 0, 6, 1132.36, 632419, 3429, 93, 0
281, 0, 1118, 1378, 1079, 25, 5.26%, 20, 0, 6, 1274.78, 637957, 3444, 93, 0
286, 0, 1361, 1386, 1084, 23, 5.27%, 20, 0, 6, 223.31, 639742, 3452, 93, 0
292, 0, 1361, 1386, 1084, 23, 5.27%, 20, 0, 6, 233.98, 640958, 3452, 93, 0
297, 0, 1361, 1389, 1087, 23, 5.27%, 20, 0, 6, 224.08, 642095, 3453, 93, 0
302, 0, 1361, 1390, 1088, 23, 5.27%, 20, 0, 6, 231.42, 643290, 3453, 93, 0
307, 0, 1361, 1391, 1089, 23, 5.27%, 20, 0, 6, 220.05, 644393, 3454, 93, 0
312, 0, 1361, 1391, 1089, 23, 5.27%, 20, 0, 6, 230.07, 645597, 3454, 93, 0
317, 0, 1361, 1392, 1090, 23, 5.27%, 20, 0, 6, 224.94, 646728, 3454, 93, 0
322, 0, 1361, 1392, 1090, 23, 5.27%, 20, 0, 6, 224.37, 647864, 3454, 93, 0
327, 0, 1361, 1392, 1090, 23, 5.27%, 20, 0, 6, 223.31, 648980, 3454, 93, 0
332, 0, 1361, 1392, 1090, 23, 5.27%, 20, 0, 6, 226.45, 650136, 3454, 93, 0
337, 0, 1361, 1392, 1090, 23, 5.27%, 20, 0, 6, 226.00, 651300, 3454, 93, 0
342, 0, 812, 1397, 1092, 23, 5.27%, 20, 0, 6, 1617.73, 657554, 3454, 93, 0
348, 0, 1160, 1423, 1116, 24, 5.31%, 20, 0, 6, 2426.12, 671343, 3477, 93, 0
353, 0, 1172, 1426, 1117, 25, 5.31%, 20, 0, 6, 2522.41, 684218, 3477, 93, 0
358, 0, 1205, 1471, 1159, 24, 5.32%, 20, 0, 6, 2417.81, 694606, 3486, 93, 0
363, 0, 1379, 1499, 1181, 31, 5.34%, 20, 0, 7, 2179.10, 706466, 3501, 93, 0
368, 0, 1390, 1507, 1185, 30, 5.36%, 20, 0, 8, 2379.13, 718247, 3511, 93, 0
373, 0, 1359, 1517, 1194, 30, 5.36%, 20, 0, 8, 2197.89, 728485, 3511, 93, 0
378, 0, 1457, 1533, 1208, 29, 5.36%, 20, 0, 8, 2226.77, 739077, 3513, 93, 0
383, 0, 1370, 1537, 1211, 29, 5.36%, 20, 0, 8, 1628.21, 746914, 3514, 93, 0
388, 0, 1370, 1546, 1220, 29, 5.40%, 20, 0, 8, 908.01, 749974, 3540, 93, 0
394, 0, 1370, 1553, 1227, 29, 5.42%, 20, 0, 8, 685.36, 753152, 3553, 93, 0
399, 0, 1370, 1554, 1228, 29, 5.42%, 20, 0, 8, 639.13, 756277, 3553, 93, 0
404, 0, 1370, 1556, 1230, 29, 5.42%, 20, 0, 8, 624.68, 759363, 3554, 93, 0
409, 0, 1556, 1566, 1238, 35, 5.44%, 20, 0, 8, 1244.09, 767934, 3566, 93, 0
414, 0, 1405, 1592, 1261, 33, 5.46%, 20, 0, 8, 2074.20, 779641, 3581, 93, 0
419, 0, 1536, 1605, 1271, 33, 5.47%, 20, 0, 8, 1779.98, 789690, 3585, 93, 0
424, 0, 1598, 1616, 1281, 32, 5.47%, 20, 0, 8, 1324.57, 794275, 3585, 93, 0
429, 0, 1598, 1618, 1283, 32, 5.47%, 20, 0, 8, 1187.78, 800167, 3585, 93, 0
434, 0, 1480, 1623, 1283, 32, 5.47%, 20, 0, 8, 157.74, 807667, 3587, 93, 0
439, 0, 1492, 1642, 1295, 25, 5.47%, 20, 0, 8, 2531.97, 812927, 3588, 93, 0
444, 0, 1492, 1653, 1306, 25, 5.53%, 20, 0, 8, 2079.36, 822873, 3621, 93, 0
450, 0, 1550, 1659, 1308, 24, 5.53%, 20, 0, 8, 1288.34, 829607, 3621, 93, 0
455, 0, 1550, 1665, 1314, 24, 5.53%, 20, 0, 8, 747.20, 832712, 3622, 93, 0
460, 0, 1550, 1667, 1316, 24, 5.53%, 20, 0, 8, 627.69, 835802, 3622, 93, 0
466, 0, 1507, 1670, 1318, 25, 5.53%, 20, 0, 8, 562.58, 838939, 3622, 93, 0
471, 0, 1531, 1685, 1328, 22, 5.53%, 20, 0, 8, 940.29, 843908, 3622, 93, 0
476, 0, 1531, 1689, 1332, 22, 5.53%, 20, 0, 8, 991.93, 848884, 3622, 93, 0
481, 0, 1533, 1693, 1335, 22, 5.53%, 21, 0, 8, 986.82, 853983, 3622, 94, 0
486, 0, 1533, 1707, 1349, 22, 5.53%, 21, 0, 8, 912.74, 858414, 3622, 94, 0
491, 0, 1533, 1709, 1351, 22, 5.53%, 21, 0, 8, 915.21, 863126, 3622, 94, 0
497, 0, 1555, 1717, 1357, 25, 5.53%, 21, 0, 8, 54.44, 870697, 3624, 94, 0
502, 0, 1555, 1717, 1357, 25, 5.53%, 21, 0, 8, 55.02, 870978, 3624, 94, 0
507, 0, 1555, 1717, 1357, 25, 5.53%, 21, 0, 8, 55.60, 871262, 3624, 94, 0
512, 0, 1555, 1717, 1357, 25, 5.53%, 21, 0, 8, 54.43, 871537, 3624, 94, 0
517, 0, 1558, 1717, 1356, 24, 5.53%, 21, 0, 8, 1254.20, 872817, 3624, 94, 0
522, 0, 1576, 1732, 1364, 22, 5.53%, 21, 0, 9, 1992.21, 884077, 3624, 94, 0
527, 0, 1711, 1743, 1367, 18, 5.53%, 21, 0, 9, 2063.68, 895107, 3624, 94, 0
532, 0, 1715, 1751, 1370, 16, 5.53%, 21, 0, 9, 2402.57, 907640, 3624, 94, 0
537, 0, 1646, 1767, 1383, 13, 5.53%, 21, 0, 9, 1523.35, 912183, 3624, 94, 0
542, 0, 1650, 1806, 1421, 13, 5.53%, 21, 0, 9, 2236.23, 924399, 3627, 94, 0
548, 0, 1659, 1808, 1422, 15, 5.53%, 21, 0, 9, 2544.34, 937905, 3627, 94, 0
553, 0, 1705, 1819, 1429, 12, 5.53%, 21, 0, 9, 1526.93, 942169, 3627, 94, 0
558, 0, 1705, 1823, 1433, 12, 5.53%, 22, 0, 9, 1052.82, 946913, 3627, 95, 0
563, 0, 1728, 1829, 1434, 11, 5.53%, 22, 0, 9, 1353.44, 953261, 3627, 95, 0
568, 0, 1805, 1837, 1429, 3, 5.53%, 22, 0, 10, 2200.56, 965510, 3627, 95, 0
573, 0, 1833, 1839, 1424, 2, 5.53%, 22, 0, 11, 1312.72, 974359, 3627, 95, 0
578, 0, 1218, 1845, 1423, 0, 5.53%, 22, 0, 11, 2544.93, 981280, 3627, 95, 0
583, 0, 1477, 1847, 1418, 0, 5.53%, 22, 0, 11, 2159.18, 992295, 3627, 95, 0
589, 0, 1477, 1857, 1428, 0, 5.53%, 22, 0, 11, 1150.70, 996839, 3627, 95, 0
594, 0, 1477, 1858, 1429, 0, 5.53%, 22, 0, 11, 947.13, 1001361, 3627, 95, 0
599, 0, 1846, 1860, 1421, 0, 5.53%, 22, 0, 11, 1722.08, 1009647, 3627, 95, 0
605, 0, 1605, 1863, 1415, 0, 5.53%, 22, 0, 11, 1442.26, 1018269, 3627, 95, 0
611, 0, 1691, 1876, 1423, 0, 5.53%, 22, 0, 11, 2260.93, 1030526, 3627, 95, 0
616, 0, 1659, 1881, 1425, 0, 5.53%, 22, 0, 11, 1146.50, 1035468, 3627, 95, 0
621, 0, 1659, 1882, 1426, 0, 5.53%, 22, 0, 11, 737.58, 1038679, 3627, 95, 0
626, 0, 1659, 1882, 1426, 0, 5.53%, 22, 0, 11, 643.27, 1041785, 3627, 95, 0
631, 0, 832, 1890, 1427, 0, 5.53%, 22, 0, 11, 1658.21, 1050514, 3627, 95, 0
636, 0, 1612, 1893, 1418, 0, 5.53%, 22, 0, 11, 2174.64, 1060695, 3627, 95, 0
641, 0, 907, 1894, 1403, 0, 5.53%, 23, 0, 11, 2368.76, 1072152, 3627, 96, 0
646, 0, 1544, 1902, 1406, 0, 5.53%, 23, 0, 11, 1476.46, 1077827, 3627, 96, 0
651, 0, 1588, 1903, 1390, 0, 5.53%, 23, 0, 11, 2192.03, 1089142, 3627, 96, 0
656, 0, 1758, 1905, 1375, 0, 5.55%, 23, 0, 11, 2426.45, 1099667, 3637, 96, 0
661, 0, 172, 1909, 1366, 0, 5.55%, 23, 0, 11, 2259.29, 1110660, 3638, 96, 0
667, 0, 1093, 1920, 1375, 0, 5.57%, 23, 0, 11, 2063.66, 1121834, 3648, 101, 0
672, 0, 1539, 1921, 1374, 2, 5.57%, 23, 0, 11, 1716.54, 1131594, 3648, 102, 0
677, 0, 1551, 1923, 1361, 0, 5.57%, 23, 0, 11, 1642.29, 1140225, 3648, 102, 0
682, 0, 1810, 1924, 1353, 0, 5.57%, 23, 0, 11, 2392.83, 1147044, 3648, 103, 0
688, 0, 310, 1929, 1347, 0, 5.58%, 23, 0, 11, 2358.13, 1158324, 3657, 103, 0
693, 0, 1928, 1964, 1381, 1, 5.58%, 24, 0, 11, 2310.84, 1169933, 3658, 105, 0
698, 0, 1655, 1964, 1372, 0, 5.58%, 24, 0, 11, 1819.33, 1179869, 3658, 105, 0
703, 0, 830, 1964, 1363, 0, 5.58%, 24, 0, 11, 1522.01, 1186586, 3658, 105, 0
709, 0, 1851, 1977, 1371, 0, 5.58%, 24, 0, 11, 1336.48, 1193973, 3658, 106, 0
714, 0, 1851, 1983, 1377, 0, 5.58%, 24, 0, 11, 1156.76, 1199561, 3658, 106, 0
719, 0, 762, 1983, 1376, 0, 5.58%, 24, 0, 11, 1340.59, 1206958, 3658, 106, 0
724, 0, 1826, 1986, 1378, 0, 5.58%, 24, 0, 11, 1431.87, 1211132, 3658, 106, 0
729, 0, 1826, 1992, 1384, 0, 5.58%, 24, 0, 11, 1012.38, 1215660, 3658, 106, 0
734, 0, 1826, 1993, 1385, 0, 5.58%, 24, 0, 11, 912.94, 1220079, 3658, 106, 0
739, 0, 266, 1995, 1377, 0, 5.58%, 24, 0, 11, 1540.76, 1227410, 3658, 106, 0
744, 0, 1211, 1999, 1372, 0, 5.58%, 24, 0, 11, 2159.97, 1239536, 3660, 106, 0
749, 0, 1254, 2002, 1367, 0, 5.58%, 25, 0, 11, 2298.13, 1251815, 3660, 107, 0
755, 0, 986, 2003, 1362, 0, 5.58%, 25, 0, 11, 1671.73, 1260240, 3660, 107, 0
760, 0, 1880, 2005, 1350, 0, 5.59%, 25, 0, 11, 2014.51, 1271389, 3662, 107, 0
765, 0, 2007, 2008, 1343, 1, 5.59%, 25, 0, 11, 2097.53, 1280450, 3663, 107, 0
770, 0, 744, 2011, 1333, 0, 5.59%, 25, 0, 11, 2349.28, 1293159, 3663, 107, 0
775, 0, 1375, 2013, 1332, 0, 5.59%, 25, 0, 11, 1672.60, 1298871, 3663, 107, 0
780, 0, 1748, 2021, 1333, 0, 5.59%, 25, 0, 11, 1923.48, 1309226, 3663, 107, 0
785, 0, 848, 2022, 1330, 0, 5.59%, 25, 0, 11, 1447.09, 1316751, 3663, 107, 0
790, 0, 950, 2030, 1327, 0, 5.60%, 25, 0, 11, 2137.28, 1327849, 3669, 107, 0
795, 0, 2004, 2031, 1322, 0, 5.60%, 25, 0, 11, 2174.82, 1339809, 3669, 107, 0
801, 0, 1010, 2032, 1312, 0, 5.60%, 25, 0, 11, 2302.68, 1353031, 3669, 107, 0
806, 0, 803, 2034, 1300, 0, 5.60%, 25, 0, 11, 1441.16, 1363431, 3669, 107, 0
811, 0, 1113, 2040, 1304, 0, 5.60%, 25, 0, 11, 2216.03, 1375767, 3669, 107, 0
817, 0, 48, 2043, 1302, 0, 5.60%, 25, 0, 11, 2286.32, 1388253, 3669, 107, 0
822, 0, 575, 2045, 1298, 0, 5.60%, 25, 0, 11, 1758.32, 1396237, 3669, 107, 0
827, 0, 1666, 2045, 1286, 0, 5.60%, 25, 0, 11, 1520.45, 1404923, 3669, 107, 0
832, 0, 767, 2046, 1277, 0, 5.60%, 25, 0, 11, 2018.42, 1414949, 3669, 107, 0
837, 0, 32, 2047, 1272, 0, 5.60%, 25, 0, 11, 1542.34, 1421061, 3669, 107, 0
842, 0, 1946, 2050, 1265, 0, 5.60%, 25, 0, 11, 2228.64, 1433215, 3669, 107, 0
847, 0, 2001, 2050, 1259, 0, 5.60%, 25, 0, 11, 2214.58, 1442934, 3669, 107, 0
853, 0, 1296, 2050, 1250, 0, 5.60%, 25, 0, 11, 110.96, 1450351, 3669, 107, 0
858, 0, 2051, 2085, 1275, 1, 5.63%, 25, 0, 11, 1586.28, 1459084, 3688, 107, 0
863, 0, 1876, 2091, 1278, 0, 5.63%, 25, 0, 11, 1328.72, 1465999, 3688, 107, 0
868, 0, 1724, 2091, 1274, 0, 5.63%, 25, 0, 11, 1555.95, 1471881, 3688, 107, 0
873, 0, 2008, 2097, 1271, 0, 5.63%, 25, 0, 11, 2388.35, 1484694, 3688, 107, 0
878, 0, 918, 2097, 1261, 0, 5.63%, 25, 0, 11, 2018.75, 1493966, 3688, 107, 0
883, 0, 551, 2097, 1253, 0, 5.63%, 25, 0, 11, 1491.95, 1501362, 3688, 107, 0
888, 0, 1789, 2097, 1248, 0, 5.63%, 26, 0, 11, 1889.34, 1511184, 3688, 109, 0
893, 0, 816, 2097, 1245, 0, 5.63%, 26, 0, 11, 79.18, 1513668, 3688, 109, 0
899, 0, 1659, 2099, 1240, 0, 5.63%, 26, 0, 11, 1385.59, 1521685, 3688, 109, 0
904, 0, 1702, 2101, 1235, 0, 5.63%, 26, 0, 11, 2192.84, 1529801, 3688, 109, 0
909, 0, 2101, 2116, 1244, 1, 5.63%, 26, 0, 11, 2525.04, 1542605, 3692, 109, 0
914, 0, 1728, 2117, 1243, 0, 5.63%, 26, 0, 11, 2605.37, 1555473, 3692, 109, 0
919, 0, 1114, 2118, 1234, 0, 5.63%, 26, 0, 11, 2448.79, 1565462, 3692, 109, 0
924, 0, 1878, 2122, 1227, 0, 5.63%, 26, 0, 11, 2098.97, 1575981, 3692, 109, 0
929, 0, 1811, 2122, 1220, 0, 5.63%, 26, 0, 11, 1319.05, 1581572, 3692, 109, 0
934, 0, 719, 2123, 1213, 0, 5.63%, 26, 0, 11, 2075.85, 1594006, 3692, 109, 0
939, 0, 1906, 2133, 1213, 0, 5.63%, 26, 0, 11, 2262.52, 1603182, 3692, 109, 0
945, 0, 946, 2137, 1211, 0, 5.63%, 26, 0, 11, 2110.90, 1613440, 3692, 109, 0
950, 0, 2038, 2141, 1207, 0, 5.63%, 26, 0, 11, 2353.94, 1625863, 3692, 109, 0
955, 0, 1705, 2141, 1194, 0, 5.63%, 26, 0, 11, 2106.31, 1635217, 3692, 109, 0
960, 0, 1540, 2142, 1190, 0, 5.63%, 26, 0, 11, 1511.88, 1642342, 3692, 109, 0
965, 0, 2074, 2145, 1187, 0, 5.63%, 26, 0, 11, 1955.43, 1653145, 3692, 109, 0
971, 0, 1882, 2147, 1174, 0, 5.63%, 26, 0, 11, 2121.49, 1662431, 3692, 110, 0
976, 0, 1268, 2147, 1166, 0, 5.63%, 26, 0, 11, 2119.01, 1672150, 3692, 110, 0
981, 0, 93, 2147, 1153, 0, 5.63%, 26, 0, 11, 2149.56, 1683303, 3692, 110, 0
986, 0, 1668, 2150, 1151, 0, 5.63%, 26, 0, 11, 1526.51, 1689894, 3692, 110, 0
991, 0, 2058, 2150, 1137, 0, 5.63%, 26, 0, 11, 2016.43, 1700033, 3692, 110, 0
996, 1, 1075, 2151, 1128, 0, 5.63%, 26, 0, 11, 1597.83, 1707691, 3692, 110, 0
1001, 1, 1295, 2155, 1110, 0, 5.63%, 26, 0, 11, 1995.05, 1718403, 3692, 110, 0
1007, 1, 1295, 2159, 1114, 0, 5.63%, 26, 0, 11, 1317.54, 1724093, 3692, 110, 0
1012, 1, 758, 2160, 1110, 0, 5.63%, 26, 0, 11, 1663.65, 1732433, 3692, 110, 0
1017, 1, 14, 2160, 1098, 0, 5.63%, 26, 0, 11, 2104.41, 1744997, 3692, 110, 0
1022, 1, 2155, 2162, 1087, 0, 5.63%, 26, 0, 11, 1862.44, 1753222, 3692, 110, 0
1027, 1, 2155, 2166, 1091, 0, 5.63%, 26, 0, 11, 1432.13, 1760002, 3692, 110, 0
1032, 1, 133, 2168, 1083, 0, 5.63%, 26, 0, 11, 2051.07, 1768291, 3692, 110, 0
1038, 1, 2160, 2170, 1070, 0, 5.63%, 26, 0, 11, 1722.06, 1778694, 3692, 110, 0
1044, 1, 1069, 2173, 1055, 0, 5.63%, 26, 0, 11, 245.95, 1790601, 3692, 110, 0
1049, 1, 752, 2175, 1042, 0, 5.64%, 26, 0, 11, 1871.38, 1798752, 3694, 110, 0
1054, 1, 1922, 2178, 1026, 0, 5.64%, 26, 0, 11, 2167.28, 1810260, 3694, 110, 0
1059, 1, 1229, 2179, 1010, 0, 5.64%, 26, 0, 11, 1754.87, 1817883, 3694, 110, 0
1065, 1, 1897, 2180, 990, 0, 5.64%, 26, 0, 11, 1709.85, 1827383, 3694, 110, 0
1070, 1, 921, 2181, 987, 0, 5.64%, 26, 0, 11, 1797.44, 1834097, 3694, 110, 0
1075, 1, 1760, 2181, 974, 0, 5.64%, 26, 0, 11, 1737.70, 1841999, 3694, 110, 0
1080, 1, 1639, 2182, 961, 0, 5.64%, 26, 0, 11, 2047.15, 1852774, 3694, 110, 0
1085, 1, 2157, 2184, 948, 0, 5.64%, 26, 0, 11, 75.80, 1861349, 3694, 110, 0
1090, 1, 2149, 2185, 936, 0, 5.64%, 26, 0, 11, 1751.73, 1867433, 3694, 110, 0
1095, 1, 1901, 2186, 928, 0, 5.64%, 26, 0, 11, 1528.13, 1873648, 3694, 110, 0
1100, 1, 1132, 2186, 916, 0, 5.64%, 26, 0, 11, 1803.51, 1882053, 3694, 110, 0
1105, 1, 2181, 2195, 916, 0, 5.64%, 26, 0, 11, 1917.13, 1891692, 3697, 110, 0
1111, 1, 745, 2199, 903, 0, 5.64%, 26, 0, 11, 2193.32, 1901672, 3697, 110, 0
1116, 1, 1015, 2202, 898, 0, 5.64%, 26, 0, 11, 1564.16, 1908029, 3697, 110, 0
1121, 1, 2180, 2205, 897, 0, 5.64%, 26, 0, 11, 1224.09, 1913910, 3697, 110, 0
1126, 1, 1618, 2206, 876, 0, 5.64%, 26, 0, 11, 1903.28, 1924189, 3697, 110, 0
1131, 1, 1703, 2208, 869, 0, 5.64%, 26, 0, 11, 2312.84, 1931156, 3697, 110, 0
1136, 1, 755, 2208, 856, 0, 5.64%, 26, 0, 11, 1521.64, 1938466, 3697, 110, 0
1141, 1, 1656, 2208, 851, 0, 5.64%, 26, 0, 11, 1228.28, 1944973, 3697, 110, 0
1146, 1, 2200, 2209, 847, 0, 5.64%, 26, 0, 11, 1099.76, 1950377, 3697, 110, 0
1152, 1, 1537, 2210, 839, 0, 5.64%, 26, 0, 11, 1344.61, 1957387, 3697, 110, 0
1157, 1, 2080, 2210, 830, 0, 5.64%, 26, 0, 11, 1383.86, 1963709, 3697, 110, 0
1163, 1, 1548, 2211, 824, 0, 5.64%, 26, 0, 11, 1375.22, 1972827, 3697, 110, 0
1168, 1, 788, 2215, 809, 0, 5.64%, 26, 0, 11, 2167.86, 1984356, 3697, 110, 0
1173, 1, 1731, 2215, 794, 0, 5.64%, 26, 0, 11, 2126.73, 1994895, 3697, 110, 0
1178, 1, 2124, 2215, 777, 0, 5.64%, 27, 0, 11, 2203.55, 2005112, 3697, 111, 0
1183, 1, 1900, 2216, 770, 0, 5.64%, 27, 0, 11, 2009.58, 2015539, 3697, 111, 0
1189, 1, 1369, 2217, 761, 0, 5.64%, 27, 0, 11, 1386.84, 2022107, 3697, 111, 0
1194, 1, 1532, 2217, 752, 0, 5.64%, 27, 0, 11, 1440.71, 2029804, 3697, 111, 0
1199, 1, 2136, 2221, 747, 0, 5.64%, 27, 0, 11, 1593.76, 2038200, 3697, 111, 0
1204, 1, 2089, 2223, 742, 0, 5.64%, 27, 0, 11, 1332.16, 2045661, 3697, 111, 0
1209, 1, 747, 2223, 732, 0, 5.64%, 27, 0, 11, 1783.48, 2054995, 3697, 111, 0
1214, 1, 2125, 2225, 721, 0, 5.64%, 27, 0, 11, 2366.77, 2065371, 3697, 111, 0
1219, 1, 2057, 2226, 701, 0, 5.64%, 27, 0, 11, 2055.87, 2075772, 3697, 111, 0
1224, 1, 1373, 2226, 691, 0, 5.64%, 27, 0, 11, 1577.41, 2084272, 3697, 111, 0
1230, 1, 1623, 2226, 671, 0, 5.64%, 27, 0, 11, 270.68, 2095042, 3697, 111, 0
1235, 1, 1717, 2227, 662, 0, 5.64%, 27, 0, 11, 2548.96, 2103741, 3697, 111, 0
1240, 1, 1661, 2227, 649, 0, 5.64%, 27, 0, 11, 448.58, 2112289, 3697, 111, 0
1245, 1, 1013, 2227, 642, 0, 5.64%, 27, 0, 11, 1771.97, 2116743, 3697, 111, 0
1250, 1, 2202, 2227, 621, 0, 5.64%, 27, 0, 11, 2302.46, 2127518, 3697, 111, 0
1255, 1, 509, 2228, 616, 0, 5.64%, 27, 0, 11, 1765.89, 2132595, 3697, 111, 0
1260, 1, 1326, 2233, 605, 0, 5.64%, 27, 0, 13, 2129.26, 2143227, 3697, 111, 0
1265, 1, 118, 2236, 593, 0, 5.64%, 27, 0, 13, 2425.46, 2155399, 3697, 111, 0
1270, 1, 1833, 2236, 575, 0, 5.64%, 27, 0, 13, 2289.11, 2167165, 3697, 111, 0
1276, 1, 2089, 2236, 566, 0, 5.64%, 27, 0, 13, 2123.10, 2177389, 3697, 111, 0
1281, 1, 2209, 2237, 559, 0, 5.65%, 27, 0, 13, 261.36, 2181250, 3700, 111, 0
1286, 1, 2240, 2246, 560, 1, 5.65%, 27, 0, 13, 2342.58, 2190610, 3702, 111, 0
1291, 1, 624, 2252, 565, 0, 5.65%, 27, 0, 13, 2287.80, 2202257, 3702, 111, 0
1296, 1, 2001, 2252, 559, 0, 5.65%, 27, 0, 13, 1588.16, 2209250, 3702, 111, 0
1301, 1, 1824, 2253, 546, 0, 5.65%, 27, 0, 13, 1997.17, 2219659, 3702, 111, 0
1306, 1, 840, 2255, 541, 0, 5.65%, 27, 0, 13, 2212.82, 2231334, 3702, 111, 0
1311, 1, 1832, 2256, 534, 0, 5.65%, 27, 0, 13, 2345.85, 2237617, 3702, 111, 0
1316, 1, 2173, 2258, 525, 0, 5.65%, 27, 0, 13, 1592.56, 2244895, 3702, 111, 0
1321, 1, 1813, 2258, 519, 0, 5.65%, 27, 0, 13, 1811.53, 2253429, 3702, 111, 0
1326, 1, 1682, 2258, 512, 0, 5.65%, 27, 0, 13, 1341.05, 2260135, 3702, 111, 0
1332, 1, 2090, 2259, 499, 0, 5.65%, 27, 0, 13, 1857.67, 2271174, 3702, 111, 0
1337, 1, 1199, 2259, 494, 0, 5.65%, 27, 0, 13, 1773.70, 2277074, 3702, 111, 0
1342, 1, 1850, 2260, 474, 0, 5.65%, 27, 0, 13, 2126.04, 2288683, 3702, 111, 0
1347, 1, 1543, 2261, 462, 0, 5.65%, 27, 0, 13, 2271.35, 2299932, 3702, 111, 0
1352, 1, 1543, 2261, 462, 0, 5.65%, 27, 0, 13, 60.43, 2300236, 3702, 111, 0
1357, 1, 1543, 2261, 462, 0, 5.65%, 27, 0, 13, 60.67, 2300545, 3702, 111, 0
1362, 1, 1543, 2261, 462, 0, 5.65%, 27, 0, 13, 59.12, 2300845, 3702, 111, 0
1367, 1, 1123, 2261, 459, 0, 5.65%, 27, 0, 13, 1625.76, 2303147, 3702, 111, 0
1372, 1, 1431, 2262, 446, 0, 5.65%, 27, 0, 13, 2012.96, 2313932, 3702, 112, 0
1377, 1, 1555, 2262, 437, 0, 5.65%, 27, 0, 13, 143.23, 2321283, 3702, 112, 0
1382, 1, 1634, 2265, 436, 0, 5.65%, 27, 0, 13, 2219.66, 2332030, 3702, 112, 0
1388, 1, 1769, 2267, 424, 0, 5.65%, 27, 0, 13, 2287.05, 2343299, 3702, 112, 0
1393, 1, 162, 2268, 408, 0, 5.65%, 28, 0, 13, 2232.63, 2353663, 3706, 113, 0
1398, 1, 2045, 2271, 399, 0, 5.66%, 28, 0, 13, 1379.42, 2364086, 3708, 113, 0
1403, 1, 961, 2271, 396, 0, 5.66%, 28, 0, 13, 1345.26, 2368948, 3708, 113, 0
1408, 1, 2219, 2273, 387, 0, 5.66%, 28, 0, 13, 1350.58, 2379613, 3708, 113, 0
1413, 1, 1667, 2274, 375, 0, 5.66%, 28, 0, 13, 2422.91, 2389635, 3709, 113, 0
1418, 1, 1979, 2274, 363, 0, 5.66%, 28, 0, 13, 2066.22, 2398498, 3709, 113, 0
1423, 1, 479, 2275, 344, 0, 5.66%, 28, 0, 13, 2045.83, 2408060, 3709, 113, 0
1429, 1, 905, 2276, 335, 0, 5.66%, 28, 0, 13, 2190.25, 2419897, 3709, 113, 0
1434, 1, 1346, 2280, 329, 0, 5.66%, 28, 0, 13, 1899.74, 2429732, 3709, 113, 0
1439, 1, 1071, 2283, 319, 0, 5.66%, 28, 0, 13, 2208.87, 2441045, 3709, 113, 0
1444, 1, 1389, 2286, 314, 0, 5.66%, 28, 0, 13, 817.21, 2451657, 3709, 113, 0
1449, 1, 1536, 2286, 306, 0, 5.66%, 28, 0, 13, 1821.55, 2462580, 3709, 114, 0
1454, 1, 1970, 2288, 299, 0, 5.66%, 28, 0, 13, 2049.19, 2473608, 3709, 114, 0
1459, 1, 1374, 2289, 288, 0, 5.66%, 28, 0, 13, 1854.29, 2483712, 3709, 114, 0
1464, 1, 2193, 2289, 284, 0, 5.66%, 28, 0, 13, 108.21, 2488242, 3709, 114, 0
1469, 1, 965, 2290, 274, 0, 5.66%, 28, 0, 13, 1461.98, 2497895, 3710, 114, 0
1474, 1, 756, 2292, 264, 0, 5.66%, 28, 0, 13, 2173.78, 2509564, 3711, 114, 0
1480, 1, 1071, 2293, 253, 0, 5.66%, 28, 0, 13, 2007.66, 2521308, 3711, 114, 0
1486, 1, 2266, 2295, 248, 0, 5.66%, 28, 0, 13, 1994.51, 2533726, 3711, 114, 0
1491, 1, 1049, 2296, 236, 0, 5.66%, 28, 0, 13, 2195.60, 2544389, 3711, 114, 0
1496, 1, 1425, 2299, 231, 0, 5.69%, 28, 0, 13, 2004.30, 2553215, 3727, 114, 0
1501, 1, 1588, 2299, 217, 0, 5.69%, 28, 0, 13, 2085.95, 2563557, 3727, 114, 0
1506, 1, 2089, 2299, 209, 0, 5.69%, 28, 0, 13, 2004.92, 2572794, 3727, 114, 0
1511, 1, 1769, 2299, 203, 0, 5.69%, 28, 0, 13, 2217.06, 2580519, 3727, 114, 0
1517, 2, 267, 2299, 195, 0, 5.69%, 28, 0, 13, 2253.25, 2591605, 3727, 114, 0
1522, 2, 2303, 2316, 207, 1, 5.69%, 28, 0, 13, 1910.96, 2601464, 3729, 114, 0
1527, 2, 2303, 2318, 209, 1, 5.69%, 28, 0, 13, 1656.06, 2609452, 3729, 114, 0
1533, 2, 914, 2319, 207, 0, 5.69%, 28, 0, 13, 1812.94, 2620539, 3729, 114, 0
1538, 2, 720, 2320, 202, 0, 5.69%, 28, 0, 13, 1954.64, 2629391, 3729, 114, 0
1543, 2, 2044, 2326, 202, 0, 5.69%, 28, 0, 13, 2055.12, 2640508, 3731, 114, 0
1548, 2, 1877, 2327, 202, 0, 5.69%, 28, 0, 13, 1468.81, 2648014, 3731, 114, 0
1553, 2, 115, 2328, 193, 0, 5.69%, 28, 0, 13, 2216.30, 2659966, 3731, 114, 0
1558, 2, 476, 2336, 193, 0, 5.70%, 28, 0, 13, 2285.28, 2671622, 3736, 114, 0
1563, 2, 2298, 2337, 185, 0, 5.70%, 29, 0, 13, 2351.83, 2683349, 3737, 115, 0
1568, 2, 2294, 2341, 185, 0, 5.70%, 29, 0, 13, 2182.04, 2694326, 3737, 115, 0
1575, 2, 1895, 2342, 184, 0, 5.70%, 29, 0, 13, 1519.01, 2701997, 3737, 115, 0
1580, 2, 2324, 2345, 177, 0, 5.70%, 29, 0, 13, 1942.72, 2711998, 3737, 115, 0
1585, 2, 1438, 2345, 172, 0, 5.70%, 30, 0, 13, 2018.00, 2720861, 3737, 116, 0
1590, 2, 2046, 2349, 172, 0, 5.70%, 30, 0, 13, 1435.86, 2728648, 3737, 116, 0
1595, 2, 1547, 2349, 170, 0, 5.70%, 30, 0, 13, 1025.42, 2732578, 3737, 116, 0
1600, 2, 2287, 2350, 165, 0, 5.70%, 30, 0, 13, 1715.48, 2740837, 3738, 116, 0
1605, 2, 1849, 2351, 155, 0, 5.70%, 30, 0, 13, 2083.85, 2752020, 3738, 116, 0
1610, 2, 1536, 2352, 145, 0, 5.70%, 30, 0, 13, 2244.05, 2764279, 3738, 116, 0
1615, 2, 1823, 2356, 146, 0, 5.70%, 31, 0, 13, 2262.74, 2775918, 3738, 117, 0
1621, 2, 84, 2368, 151, 6, 5.86%, 31, 0, 13, 2628.31, 2789877, 3841, 117, 0
1626, 2, 1266, 2371, 142, 0, 5.86%, 31, 0, 13, 2281.15, 2801194, 3842, 117, 0
1631, 2, 1624, 2371, 140, 0, 5.86%, 31, 0, 13, 2022.56, 2811381, 3842, 117, 0
1636, 2, 1797, 2371, 135, 0, 5.86%, 31, 0, 13, 1651.37, 2819600, 3842, 117, 0
1641, 2, 2357, 2371, 129, 0, 5.86%, 31, 0, 13, 1999.86, 2830396, 3842, 117, 0
1646, 2, 2071, 2371, 124, 0, 5.86%, 31, 0, 13, 2157.08, 2841896, 3842, 117, 0
1653, 2, 2199, 2371, 121, 0, 5.86%, 31, 0, 13, 1613.34, 2850925, 3842, 117, 0
1658, 2, 2369, 2373, 120, 0, 5.86%, 31, 0, 13, 1641.15, 2858886, 3842, 117, 0
1663, 2, 2240, 2374, 119, 0, 5.86%, 31, 0, 13, 1403.75, 2864804, 3842, 117, 0
1668, 2, 2376, 2383, 121, 1, 5.87%, 31, 0, 13, 1757.77, 2875095, 3846, 117, 0
1673, 2, 2376, 2387, 125, 1, 5.87%, 31, 0, 13, 1011.37, 2879195, 3846, 117, 0
1678, 2, 2376, 2387, 125, 1, 5.87%, 31, 0, 13, 861.70, 2883318, 3846, 117, 0
1683, 2, 2376, 2388, 126, 1, 5.87%, 31, 0, 13, 832.69, 2887450, 3846, 117, 0
1688, 2, 2293, 2390, 123, 0, 5.87%, 33, 0, 13, 1618.98, 2897427, 3846, 119, 0
1694, 2, 925, 2392, 120, 0, 5.87%, 33, 0, 13, 1995.77, 2909088, 3846, 119, 0
1699, 2, 1317, 2393, 114, 0, 5.87%, 33, 0, 13, 2100.80, 2919457, 3846, 119, 0
1704, 2, 2329, 2394, 109, 0, 5.87%, 33, 0, 13, 2115.34, 2928286, 3846, 119, 0
1709, 2, 2311, 2394, 102, 0, 5.87%, 33, 0, 13, 1609.98, 2936666, 3846, 119, 0
1715, 2, 1438, 2394, 99, 0, 5.87%, 34, 0, 13, 1861.53, 2946789, 3846, 121, 0
1722, 2, 2332, 2396, 98, 0, 5.87%, 34, 0, 13, 2307.71, 2962949, 3846, 121, 0
1727, 2, 2388, 2396, 92, 0, 5.87%, 34, 0, 13, 2200.18, 2973326, 3846, 121, 0
1732, 2, 2372, 2396, 89, 0, 5.87%, 34, 0, 13, 1131.44, 2978236, 3846, 121, 0
1737, 2, 2298, 2396, 83, 0, 5.87%, 34, 0, 13, 2039.42, 2989359, 3846, 121, 0
1742, 2, 1908, 2397, 82, 0, 5.87%, 34, 0, 13, 1984.43, 2998141, 3846, 121, 0
1747, 2, 180, 2398, 82, 0, 5.87%, 34, 0, 13, 2269.81, 3010297, 3846, 121, 0
1752, 2, 1824, 2398, 74, 0, 5.87%, 34, 0, 13, 2392.93, 3022805, 3846, 121, 0
1757, 2, 1884, 2398, 69, 0, 5.87%, 35, 0, 13, 2223.40, 3034140, 3846, 122, 0
1762, 2, 1817, 2398, 62, 0, 5.87%, 35, 0, 13, 2216.41, 3045716, 3846, 122, 0
1767, 2, 2389, 2398, 59, 0, 5.87%, 36, 0, 13, 2369.37, 3057978, 3846, 123, 0
1772, 2, 75, 2399, 58, 0, 5.87%, 36, 0, 13, 1645.57, 3064663, 3846, 123, 0
1777, 2, 1892, 2399, 57, 0, 5.87%, 36, 0, 13, 2057.76, 3075503, 3846, 126, 0
1783, 2, 2398, 2399, 56, 0, 5.87%, 36, 0, 13, 2146.87, 3086529, 3846, 126, 0
1788, 2, 1224, 2400, 54, 0, 5.87%, 36, 0, 13, 2357.69, 3098818, 3846, 126, 0
1793, 2, 1793, 2401, 53, 0, 5.87%, 36, 0, 13, 2392.86, 3110816, 3846, 126, 0
1798, 2, 475, 2402, 51, 0, 5.87%, 36, 0, 13, 2314.19, 3122172, 3848, 126, 0
1800, 2, 2336, 2402, 51, 0, 5.87%, 36, 0, 13, 2175.45, 3125684, 3848, 126, 0
