# relative_time, cycles_done, cur_item, corpus_count, pending_total, pending_favs, map_size, saved_crashes, saved_hangs, max_depth, execs_per_sec, total_execs, edges_found, total_crashes, servers_count
60, 0, 3, 159, 154, 41, 13.90%, 0, 0, 2, 336.79, 21736, 867, 0, 0
66, 0, 3, 166, 161, 41, 14.01%, 0, 0, 2, 351.57, 23571, 874, 0, 0
71, 0, 3, 168, 163, 41, 14.09%, 0, 0, 2, 355.70, 25419, 879, 0, 0
76, 0, 3, 172, 167, 41, 14.17%, 0, 0, 2, 355.30, 27246, 884, 0, 0
81, 0, 7, 180, 174, 97, 14.20%, 0, 0, 2, 338.84, 28951, 886, 0, 0
86, 0, 7, 190, 184, 97, 14.20%, 0, 0, 2, 316.54, 30531, 886, 0, 0
91, 0, 8, 210, 203, 99, 15.16%, 0, 0, 2, 324.97, 32197, 946, 0, 0
96, 0, 8, 234, 227, 99, 15.34%, 0, 0, 2, 313.86, 33784, 957, 0, 0
101, 0, 8, 245, 238, 99, 15.39%, 0, 0, 2, 315.64, 35439, 960, 0, 0
106, 0, 8, 248, 241, 99, 15.39%, 0, 0, 2, 315.99, 37026, 960, 0, 0
111, 0, 8, 252, 245, 99, 15.42%, 0, 0, 2, 311.25, 38584, 962, 0, 0
117, 0, 8, 255, 248, 99, 15.44%, 0, 0, 2, 304.08, 40099, 963, 0, 0
122, 0, 8, 261, 254, 99, 15.53%, 0, 0, 2, 316.76, 41761, 969, 0, 0
127, 0, 8, 264, 257, 99, 15.55%, 0, 0, 2, 320.21, 43414, 970, 0, 0
132, 0, 8, 266, 259, 99, 15.58%, 0, 0, 2, 322.72, 45066, 972, 0, 0
137, 0, 10, 273, 265, 125, 15.60%, 0, 0, 2, 340.55, 46853, 973, 0, 0
142, 0, 10, 274, 266, 125, 15.60%, 0, 0, 2, 364.73, 48785, 973, 0, 0
147, 0, 12, 281, 272, 126, 15.60%, 0, 0, 2, 362.07, 50611, 973, 0, 0
152, 0, 12, 288, 279, 126, 15.60%, 0, 0, 2, 346.14, 52352, 973, 0, 0
158, 0, 12, 291, 282, 126, 15.66%, 0, 0, 2, 355.35, 54182, 977, 0, 0
163, 0, 12, 291, 282, 126, 15.66%, 0, 0, 2, 358.23, 56023, 977, 0, 0
168, 0, 12, 294, 285, 126, 15.68%, 0, 0, 2, 357.04, 57850, 978, 0, 0
173, 0, 12, 294, 285, 126, 15.68%, 0, 0, 2, 358.34, 59677, 978, 0, 0
178, 0, 12, 294, 285, 126, 15.68%, 0, 0, 2, 356.04, 61497, 978, 0, 0
183, 0, 12, 294, 285, 126, 15.68%, 0, 0, 2, 357.17, 63324, 978, 0, 0
188, 0, 12, 294, 285, 126, 15.68%, 0, 0, 2, 358.53, 65165, 978, 0, 0
193, 0, 12, 295, 286, 126, 15.72%, 0, 0, 2, 356.40, 66992, 981, 0, 0
198, 0, 12, 295, 286, 126, 15.72%, 0, 0, 2, 356.49, 68812, 981, 0, 0
204, 0, 12, 296, 287, 126, 15.74%, 0, 0, 2, 355.17, 70632, 982, 0, 0
209, 0, 12, 296, 287, 126, 15.74%, 0, 0, 2, 358.55, 72473, 982, 0, 0
214, 0, 12, 296, 287, 126, 15.74%, 0, 0, 2, 357.99, 74300, 982, 0, 0
219, 0, 12, 296, 287, 126, 15.74%, 0, 0, 2, 357.35, 76127, 982, 0, 0
224, 0, 12, 296, 287, 126, 15.74%, 0, 0, 2, 358.54, 77961, 982, 0, 0
229, 0, 12, 297, 288, 126, 15.76%, 0, 0, 2, 358.18, 79795, 983, 0, 0
234, 0, 12, 298, 289, 126, 15.77%, 0, 0, 2, 357.17, 81629, 984, 0, 0
239, 0, 12, 298, 289, 126, 15.77%, 0, 0, 2, 354.68, 83449, 984, 0, 0
245, 0, 12, 298, 289, 126, 15.77%, 0, 0, 2, 356.93, 85297, 984, 0, 0
250, 0, 12, 298, 289, 126, 15.77%, 0, 0, 2, 356.80, 87131, 984, 0, 0
255, 0, 12, 298, 289, 126, 15.77%, 0, 0, 2, 346.79, 88920, 984, 0, 0
260, 0, 12, 298, 289, 126, 15.77%, 0, 0, 2, 333.43, 90624, 984, 0, 0
265, 0, 12, 298, 289, 126, 15.77%, 0, 0, 2, 329.33, 92292, 984, 0, 0
270, 0, 12, 298, 289, 126, 15.77%, 0, 0, 2, 332.87, 93960, 984, 0, 0
275, 0, 12, 298, 289, 126, 15.77%, 0, 0, 2, 329.61, 95598, 984, 0, 0
280, 0, 12, 299, 290, 126, 15.77%, 0, 0, 2, 325.20, 97303, 984, 0, 0
285, 0, 12, 299, 290, 126, 15.77%, 0, 0, 2, 338.39, 99001, 984, 0, 0
290, 0, 12, 299, 290, 126, 15.77%, 0, 0, 2, 345.65, 100801, 984, 0, 0
295, 0, 12, 299, 290, 126, 15.77%, 0, 0, 2, 343.46, 102523, 984, 0, 0
302, 0, 21, 299, 283, 127, 15.77%, 0, 0, 2, 343.13, 104726, 984, 0, 0
307, 0, 47, 300, 275, 118, 15.79%, 0, 0, 3, 346.67, 106476, 985, 0, 0
312, 0, 57, 300, 270, 114, 15.79%, 0, 0, 3, 323.21, 108132, 985, 0, 0
317, 0, 68, 300, 262, 106, 15.79%, 0, 0, 3, 324.98, 109777, 985, 0, 0
324, 0, 80, 301, 256, 99, 15.79%, 0, 0, 3, 345.14, 112129, 985, 0, 0
329, 0, 82, 302, 254, 96, 15.79%, 0, 0, 3, 346.96, 113897, 985, 0, 0
334, 0, 137, 302, 253, 95, 15.79%, 0, 0, 3, 344.53, 115660, 985, 0, 0
339, 0, 137, 308, 259, 95, 16.04%, 0, 0, 3, 340.23, 117360, 1001, 0, 0
344, 0, 137, 310, 261, 95, 16.08%, 0, 0, 3, 347.33, 119168, 1003, 0, 0
349, 0, 137, 311, 262, 95, 16.09%, 0, 0, 3, 352.29, 120997, 1004, 0, 0
354, 0, 137, 312, 263, 95, 16.09%, 0, 0, 3, 347.35, 122794, 1004, 0, 0
360, 0, 137, 312, 263, 95, 16.09%, 0, 0, 3, 350.89, 124609, 1004, 0, 0
365, 0, 137, 312, 263, 95, 16.09%, 0, 0, 3, 348.23, 126412, 1004, 0, 0
370, 0, 137, 313, 264, 95, 16.11%, 0, 0, 3, 345.16, 128195, 1005, 0, 0
375, 0, 311, 315, 264, 100, 16.12%, 0, 0, 4, 343.28, 129962, 1006, 0, 0
380, 0, 294, 325, 273, 99, 16.25%, 0, 0, 4, 352.53, 131817, 1014, 0, 0
385, 0, 91, 326, 269, 98, 16.25%, 0, 0, 4, 344.22, 133539, 1014, 0, 0
391, 0, 298, 328, 263, 90, 16.27%, 0, 0, 4, 345.33, 135335, 1015, 0, 0
396, 0, 123, 328, 253, 80, 16.27%, 0, 0, 4, 336.49, 137063, 1015, 0, 0
401, 0, 299, 331, 254, 78, 16.27%, 0, 0, 4, 348.22, 138876, 1015, 0, 0
406, 0, 299, 341, 264, 78, 16.48%, 0, 0, 4, 331.41, 140614, 1028, 0, 0
411, 0, 299, 342, 265, 78, 16.48%, 0, 0, 4, 341.29, 142277, 1028, 0, 0
416, 0, 299, 343, 266, 78, 16.48%, 0, 0, 4, 354.12, 144140, 1028, 0, 0
421, 0, 299, 344, 267, 78, 16.48%, 0, 0, 4, 358.39, 145953, 1028, 0, 0
426, 0, 299, 345, 268, 78, 16.48%, 0, 0, 4, 353.51, 147745, 1028, 0, 0
431, 0, 127, 345, 266, 79, 16.48%, 0, 0, 4, 341.55, 149426, 1028, 0, 0
437, 0, 265, 346, 259, 71, 16.48%, 0, 0, 4, 298.48, 150945, 1028, 0, 0
442, 0, 265, 350, 263, 71, 16.51%, 0, 0, 4, 326.99, 152566, 1030, 0, 0
447, 0, 265, 352, 265, 71, 16.54%, 0, 0, 4, 341.73, 154356, 1032, 0, 0
452, 0, 265, 355, 268, 71, 16.72%, 0, 0, 4, 338.88, 156057, 1043, 0, 0
457, 0, 265, 357, 270, 71, 16.75%, 0, 0, 4, 340.69, 157811, 1045, 0, 0
462, 0, 265, 358, 271, 71, 16.75%, 0, 0, 4, 329.86, 159528, 1045, 0, 0
467, 0, 265, 360, 273, 71, 16.80%, 0, 0, 4, 331.32, 161204, 1048, 0, 0
472, 0, 265, 362, 275, 71, 16.80%, 0, 0, 4, 329.30, 162898, 1048, 0, 0
478, 0, 265, 364, 277, 71, 16.80%, 0, 0, 4, 343.07, 164670, 1048, 0, 0
483, 0, 265, 365, 278, 71, 16.83%, 0, 0, 4, 327.07, 166369, 1050, 0, 0
488, 0, 265, 365, 278, 71, 16.83%, 0, 0, 4, 318.98, 167989, 1050, 0, 0
493, 0, 265, 365, 278, 71, 16.83%, 0, 0, 4, 319.60, 169621, 1050, 0, 0
498, 0, 265, 365, 278, 71, 16.83%, 0, 0, 4, 329.53, 171283, 1050, 0, 0
503, 0, 265, 365, 278, 71, 16.83%, 0, 0, 4, 327.80, 172981, 1050, 0, 0
508, 0, 265, 365, 278, 71, 16.83%, 0, 0, 4, 328.83, 174643, 1050, 0, 0
513, 0, 265, 365, 278, 71, 16.83%, 0, 0, 4, 332.10, 176341, 1050, 0, 0
518, 0, 265, 366, 279, 71, 16.85%, 0, 0, 4, 334.05, 178028, 1051, 0, 0
523, 0, 265, 367, 280, 71, 16.85%, 0, 0, 4, 333.38, 179721, 1051, 0, 0
529, 0, 265, 367, 280, 71, 16.85%, 0, 0, 4, 334.53, 181461, 1051, 0, 0
534, 0, 265, 367, 280, 71, 16.85%, 0, 0, 4, 332.52, 183183, 1051, 0, 0
539, 0, 265, 368, 281, 71, 16.85%, 0, 0, 4, 329.96, 184888, 1051, 0, 0
544, 0, 265, 369, 282, 71, 16.85%, 0, 0, 4, 327.49, 186599, 1051, 0, 0
549, 0, 265, 369, 282, 71, 16.85%, 0, 0, 4, 324.22, 188279, 1051, 0, 0
554, 0, 265, 369, 282, 71, 16.85%, 0, 0, 4, 320.14, 189899, 1051, 0, 0
559, 0, 265, 370, 283, 71, 16.85%, 0, 0, 4, 324.47, 191586, 1051, 0, 0
565, 0, 265, 370, 283, 71, 16.85%, 0, 0, 4, 332.01, 193254, 1051, 0, 0
570, 0, 265, 370, 283, 71, 16.85%, 0, 0, 4, 333.64, 194952, 1051, 0, 0
575, 0, 265, 370, 283, 71, 16.85%, 0, 0, 4, 335.29, 196698, 1051, 0, 0
580, 0, 265, 370, 283, 71, 16.85%, 0, 0, 4, 332.99, 198372, 1051, 0, 0
585, 0, 265, 372, 285, 71, 16.86%, 0, 0, 4, 331.31, 200018, 1052, 0, 0
590, 0, 265, 373, 286, 71, 16.88%, 0, 0, 4, 332.65, 201711, 1053, 0, 0
595, 0, 142, 373, 285, 78, 16.88%, 0, 0, 4, 337.19, 203425, 1053, 0, 0
600, 0, 148, 373, 282, 75, 16.88%, 0, 0, 4, 337.97, 205172, 1053, 0, 0
605, 0, 149, 375, 282, 73, 16.88%, 0, 0, 4, 343.97, 206977, 1053, 0, 0
610, 0, 154, 375, 280, 71, 16.88%, 0, 0, 4, 344.24, 208720, 1053, 0, 0
615, 0, 157, 375, 278, 69, 16.88%, 0, 0, 4, 342.09, 210422, 1053, 0, 0
621, 0, 164, 375, 275, 66, 16.88%, 0, 0, 4, 345.17, 212307, 1053, 0, 0
626, 0, 187, 375, 267, 58, 16.88%, 0, 0, 4, 343.03, 214075, 1053, 0, 0
631, 0, 196, 376, 263, 54, 16.88%, 0, 0, 4, 335.92, 215736, 1053, 0, 0
636, 0, 203, 376, 261, 52, 16.88%, 0, 0, 4, 330.62, 217409, 1053, 0, 0
641, 0, 331, 377, 259, 50, 16.91%, 0, 0, 4, 324.39, 219027, 1055, 0, 0
646, 0, 237, 378, 253, 43, 16.91%, 0, 0, 4, 338.02, 220804, 1055, 0, 0
652, 0, 320, 380, 251, 39, 16.91%, 0, 0, 4, 342.36, 222550, 1055, 0, 0
657, 0, 348, 381, 247, 35, 16.94%, 0, 0, 4, 340.32, 224301, 1057, 0, 0
662, 0, 247, 384, 247, 33, 16.96%, 0, 0, 4, 338.96, 226054, 1058, 0, 0
667, 0, 252, 384, 244, 30, 16.96%, 0, 0, 4, 325.89, 227724, 1058, 0, 0
672, 0, 292, 393, 252, 29, 17.17%, 0, 0, 4, 342.87, 229448, 1071, 0, 0
677, 0, 292, 395, 254, 29, 17.21%, 0, 0, 4, 351.13, 231271, 1074, 0, 0
682, 0, 292, 395, 254, 29, 17.21%, 0, 0, 4, 356.53, 233098, 1074, 0, 0
687, 0, 292, 396, 255, 29, 17.21%, 0, 0, 4, 355.44, 234883, 1074, 0, 0
693, 0, 292, 398, 257, 29, 17.23%, 0, 0, 4, 353.81, 236682, 1075, 0, 0
698, 0, 256, 399, 257, 34, 17.23%, 0, 0, 4, 349.44, 238482, 1075, 0, 0
704, 0, 374, 399, 253, 30, 17.23%, 0, 0, 4, 338.97, 240442, 1075, 0, 0
709, 0, 289, 400, 248, 24, 17.23%, 0, 0, 4, 338.99, 242193, 1075, 0, 0
714, 0, 381, 401, 242, 17, 17.23%, 0, 0, 4, 337.87, 243947, 1075, 0, 0
719, 0, 375, 401, 234, 9, 17.23%, 0, 0, 4, 346.85, 245755, 1075, 0, 0
724, 0, 365, 402, 232, 7, 17.25%, 0, 0, 4, 346.70, 247493, 1076, 0, 0
729, 0, 135, 403, 225, 0, 17.25%, 0, 0, 4, 351.78, 249314, 1076, 0, 0
734, 0, 317, 405, 227, 0, 17.25%, 0, 0, 4, 346.30, 251038, 1076, 0, 0
740, 0, 282, 406, 227, 0, 17.25%, 0, 0, 4, 351.55, 252871, 1076, 0, 0
745, 0, 51, 406, 226, 0, 17.25%, 0, 0, 4, 348.72, 254652, 1076, 0, 0
750, 0, 72, 407, 226, 0, 17.25%, 0, 0, 4, 341.74, 256357, 1076, 0, 0
755, 0, 91, 407, 224, 0, 17.25%, 0, 0, 4, 343.93, 258083, 1076, 0, 0
760, 0, 152, 409, 224, 0, 17.25%, 0, 0, 4, 342.94, 259818, 1076, 0, 0
765, 0, 68, 409, 223, 0, 17.25%, 0, 0, 4, 345.45, 261598, 1076, 0, 0
770, 0, 149, 409, 221, 0, 17.25%, 0, 0, 4, 349.43, 263398, 1076, 0, 0
775, 0, 267, 409, 219, 0, 17.25%, 0, 0, 4, 351.41, 265163, 1076, 0, 0
780, 0, 338, 409, 218, 0, 17.25%, 0, 0, 4, 344.70, 266858, 1076, 0, 0
785, 0, 80, 409, 216, 0, 17.25%, 0, 0, 4, 349.18, 268671, 1076, 0, 0
791, 0, 52, 410, 215, 0, 17.25%, 0, 0, 5, 349.94, 270497, 1076, 0, 0
796, 0, 104, 411, 214, 0, 17.26%, 0, 0, 5, 351.74, 272382, 1077, 0, 0
801, 0, 409, 411, 213, 0, 17.26%, 0, 0, 5, 350.30, 274126, 1077, 0, 0
806, 0, 371, 411, 212, 0, 17.26%, 0, 0, 5, 350.55, 275958, 1077, 0, 0
811, 0, 217, 412, 211, 0, 17.26%, 0, 0, 5, 345.16, 277709, 1077, 0, 0
817, 1, 331, 412, 209, 0, 17.26%, 0, 0, 5, 342.38, 279506, 1077, 0, 0
822, 1, 169, 415, 209, 0, 17.26%, 0, 0, 5, 344.78, 281306, 1077, 0, 0
827, 1, 258, 416, 207, 0, 17.26%, 0, 0, 5, 340.25, 283062, 1077, 0, 0
832, 1, 314, 416, 205, 0, 17.26%, 0, 0, 5, 352.02, 284922, 1077, 0, 0
837, 1, 132, 418, 203, 0, 17.26%, 0, 0, 5, 340.72, 286632, 1077, 0, 0
844, 1, 382, 418, 200, 0, 17.26%, 0, 0, 5, 340.87, 288840, 1077, 0, 0
849, 1, 374, 421, 199, 0, 17.28%, 0, 0, 6, 341.75, 290527, 1078, 0, 0
854, 1, 221, 421, 197, 0, 17.28%, 0, 0, 6, 332.23, 292205, 1078, 0, 0
859, 1, 203, 423, 196, 0, 17.28%, 0, 0, 6, 339.59, 293949, 1078, 0, 0
864, 1, 338, 424, 194, 0, 17.28%, 0, 0, 6, 346.64, 295751, 1078, 0, 0
869, 1, 53, 425, 192, 0, 17.28%, 0, 0, 6, 338.07, 297450, 1078, 0, 0
875, 1, 187, 426, 189, 0, 17.29%, 0, 0, 6, 341.19, 299221, 1079, 0, 0
880, 1, 155, 426, 186, 0, 17.29%, 0, 0, 6, 348.89, 300977, 1079, 0, 0
885, 1, 108, 426, 184, 0, 17.29%, 0, 0, 6, 345.51, 302751, 1079, 0, 0
890, 1, 125, 426, 180, 0, 17.29%, 0, 0, 6, 348.43, 304543, 1079, 0, 0
895, 1, 308, 426, 176, 0, 17.29%, 0, 0, 6, 347.34, 306334, 1079, 0, 0
901, 1, 393, 426, 174, 0, 17.29%, 0, 0, 6, 350.61, 308287, 1079, 0, 0
906, 1, 195, 427, 173, 0, 17.29%, 0, 0, 6, 334.33, 310008, 1079, 0, 0
911, 1, 275, 428, 172, 0, 17.29%, 0, 0, 6, 336.01, 311769, 1079, 0, 0
916, 1, 428, 429, 169, 0, 17.29%, 0, 0, 7, 341.76, 313468, 1079, 0, 0
921, 1, 428, 432, 172, 0, 17.29%, 0, 0, 8, 349.39, 315272, 1079, 0, 0
926, 1, 315, 432, 169, 0, 17.29%, 0, 0, 8, 350.44, 317100, 1079, 0, 0
932, 1, 363, 433, 167, 0, 17.29%, 0, 0, 8, 342.81, 319070, 1079, 0, 0
937, 1, 241, 433, 164, 0, 17.29%, 0, 0, 8, 343.40, 320799, 1079, 0, 0
942, 1, 114, 434, 163, 0, 17.29%, 0, 0, 8, 343.88, 322593, 1079, 0, 0
948, 1, 431, 438, 167, 0, 17.29%, 0, 0, 9, 348.08, 324403, 1079, 0, 0
953, 1, 431, 440, 169, 0, 17.29%, 0, 0, 9, 346.16, 326133, 1079, 0, 0
958, 1, 431, 440, 169, 0, 17.29%, 0, 0, 9, 346.22, 327939, 1079, 0, 0
963, 1, 431, 442, 171, 0, 17.29%, 0, 0, 9, 346.80, 329735, 1079, 0, 0
968, 1, 431, 443, 172, 0, 17.29%, 0, 0, 9, 347.96, 331536, 1079, 0, 0
974, 1, 434, 445, 174, 7, 17.29%, 0, 0, 10, 349.74, 333446, 1079, 0, 0
979, 1, 441, 446, 172, 4, 17.29%, 0, 0, 10, 350.57, 335256, 1079, 0, 0
984, 1, 405, 448, 170, 1, 17.33%, 0, 0, 10, 345.04, 337041, 1081, 0, 0
989, 1, 447, 450, 170, 2, 17.34%, 0, 0, 10, 341.81, 338728, 1082, 0, 0
994, 1, 449, 450, 167, 1, 17.34%, 0, 0, 10, 331.98, 340355, 1082, 0, 0
999, 1, 439, 451, 165, 0, 17.34%, 0, 0, 10, 340.35, 342111, 1082, 0, 0
1004, 1, 367, 451, 161, 0, 17.34%, 0, 0, 10, 335.45, 343788, 1082, 0, 0
1009, 1, 328, 453, 159, 0, 17.34%, 0, 0, 10, 335.82, 345484, 1082, 0, 0
1014, 1, 92, 453, 158, 0, 17.34%, 0, 0, 10, 342.29, 347224, 1082, 0, 0
1019, 1, 385, 454, 156, 0, 17.34%, 0, 0, 11, 340.25, 348936, 1082, 0, 0
1025, 1, 449, 455, 154, 0, 17.34%, 0, 0, 11, 331.08, 350609, 1082, 0, 0
1030, 1, 262, 455, 150, 0, 17.34%, 0, 0, 11, 333.39, 352229, 1082, 0, 0
1035, 1, 204, 456, 148, 0, 17.34%, 0, 0, 11, 329.81, 353939, 1082, 0, 0
1040, 1, 162, 456, 147, 0, 17.34%, 0, 0, 11, 338.06, 355678, 1082, 0, 0
1045, 1, 63, 456, 145, 0, 17.34%, 0, 0, 11, 343.82, 357442, 1082, 0, 0
1050, 1, 349, 456, 144, 0, 17.34%, 0, 0, 11, 321.94, 359105, 1082, 0, 0
1055, 1, 437, 456, 142, 0, 17.34%, 0, 0, 11, 329.37, 360831, 1082, 0, 0
1061, 1, 120, 456, 139, 0, 17.34%, 0, 0, 11, 339.01, 362602, 1082, 0, 0
1066, 1, 102, 456, 136, 0, 17.34%, 0, 0, 11, 334.27, 364313, 1082, 0, 0
1071, 1, 441, 456, 133, 0, 17.34%, 0, 0, 11, 346.38, 366058, 1082, 0, 0
1076, 1, 436, 456, 131, 0, 17.34%, 0, 0, 11, 350.22, 367816, 1082, 0, 0
1083, 2, 117, 457, 130, 0, 17.34%, 0, 0, 11, 351.13, 370204, 1082, 0, 0
1088, 2, 114, 457, 130, 0, 17.34%, 0, 0, 11, 346.90, 371950, 1082, 0, 0
1093, 2, 82, 458, 129, 0, 17.34%, 0, 0, 11, 344.65, 373743, 1082, 0, 0
1098, 2, 257, 459, 129, 0, 17.34%, 0, 0, 11, 351.91, 375507, 1082, 0, 0
1103, 2, 289, 462, 130, 0, 17.36%, 0, 0, 11, 350.98, 377296, 1083, 0, 0
1108, 2, 457, 462, 130, 0, 17.36%, 0, 0, 11, 350.28, 379101, 1083, 0, 0
1113, 2, 398, 464, 130, 0, 17.36%, 0, 0, 11, 349.09, 380864, 1083, 0, 0
1118, 2, 440, 466, 131, 0, 17.36%, 0, 0, 11, 337.62, 382550, 1083, 0, 0
1123, 2, 166, 467, 130, 0, 17.36%, 0, 0, 11, 346.09, 384364, 1083, 0, 0
1129, 2, 425, 468, 129, 0, 17.36%, 0, 0, 11, 347.27, 386177, 1083, 0, 0
1134, 2, 398, 469, 129, 0, 17.36%, 0, 0, 11, 350.59, 387934, 1083, 0, 0
1139, 2, 460, 469, 128, 0, 17.36%, 0, 0, 11, 346.23, 389693, 1083, 0, 0
1144, 2, 359, 469, 125, 0, 17.36%, 0, 0, 11, 340.35, 391411, 1083, 0, 0
1149, 2, 336, 469, 123, 0, 17.36%, 0, 0, 11, 340.40, 393118, 1083, 0, 0
1154, 2, 440, 470, 121, 0, 17.36%, 0, 0, 11, 346.77, 394932, 1083, 0, 0
1159, 2, 458, 470, 119, 0, 17.36%, 0, 0, 11, 350.71, 396738, 1083, 0, 0
1164, 2, 458, 470, 119, 0, 17.36%, 0, 0, 11, 349.35, 398556, 1083, 0, 0
1169, 2, 423, 471, 118, 0, 17.36%, 0, 0, 11, 350.80, 400313, 1083, 0, 0
1174, 2, 404, 472, 118, 0, 17.36%, 0, 0, 11, 349.53, 402106, 1083, 0, 0
1180, 2, 373, 472, 117, 0, 17.36%, 0, 0, 11, 348.09, 403905, 1083, 0, 0
1185, 2, 218, 472, 116, 0, 17.36%, 0, 0, 11, 344.96, 405584, 1083, 0, 0
1190, 2, 464, 472, 116, 0, 17.36%, 0, 0, 11, 353.70, 407429, 1083, 0, 0
1195, 2, 68, 474, 115, 0, 17.36%, 0, 0, 11, 347.49, 409230, 1083, 0, 0
1200, 2, 135, 475, 114, 0, 17.36%, 0, 0, 11, 346.38, 411024, 1083, 0, 0
1205, 2, 298, 476, 113, 0, 17.41%, 0, 0, 11, 342.04, 412741, 1086, 0, 0
1210, 2, 338, 476, 113, 0, 17.41%, 0, 0, 11, 346.12, 414483, 1086, 0, 0
1216, 2, 353, 476, 112, 0, 17.41%, 0, 0, 11, 345.51, 416282, 1086, 0, 0
1221, 2, 462, 476, 110, 0, 17.41%, 0, 0, 11, 344.49, 418048, 1086, 0, 0
1228, 2, 462, 476, 110, 0, 17.41%, 0, 0, 11, 347.93, 420432, 1086, 0, 0
1233, 2, 218, 476, 107, 0, 17.41%, 0, 0, 11, 348.74, 422244, 1086, 0, 0
1238, 2, 399, 476, 106, 0, 17.41%, 0, 0, 11, 333.44, 423990, 1086, 0, 0
1243, 2, 161, 477, 106, 0, 17.41%, 0, 0, 11, 340.02, 425739, 1086, 0, 0
1248, 2, 466, 477, 106, 0, 17.41%, 0, 0, 11, 360.84, 427558, 1086, 0, 0
1255, 2, 477, 478, 106, 0, 17.41%, 0, 0, 11, 353.72, 429869, 1086, 0, 0
1260, 2, 212, 478, 105, 0, 17.41%, 0, 0, 11, 357.62, 431721, 1086, 0, 0
1265, 2, 282, 478, 104, 0, 17.41%, 0, 0, 11, 359.75, 433502, 1086, 0, 0
1270, 2, 470, 479, 104, 0, 17.41%, 0, 0, 11, 370.19, 435373, 1086, 0, 0
1275, 2, 320, 480, 104, 0, 17.50%, 0, 0, 11, 372.26, 437248, 1092, 0, 0
1280, 2, 96, 481, 103, 0, 17.53%, 0, 0, 11, 371.38, 439125, 1094, 0, 0
1285, 2, 117, 481, 102, 0, 17.53%, 0, 0, 11, 373.77, 440996, 1094, 0, 0
1290, 2, 114, 482, 102, 0, 17.53%, 0, 0, 11, 372.89, 442910, 1094, 0, 0
1295, 2, 284, 482, 101, 0, 17.53%, 0, 0, 11, 366.86, 444778, 1094, 0, 0
1300, 2, 463, 482, 99, 0, 17.53%, 0, 0, 11, 367.43, 446630, 1094, 0, 0
1305, 2, 217, 482, 98, 0, 17.53%, 0, 0, 11, 362.11, 448451, 1094, 0, 0
1310, 2, 484, 485, 99, 1, 17.53%, 0, 0, 11, 366.34, 450304, 1094, 0, 0
1315, 2, 295, 485, 98, 0, 17.53%, 0, 0, 11, 371.69, 452193, 1094, 0, 0
1320, 2, 452, 485, 97, 0, 17.53%, 0, 0, 11, 374.09, 454076, 1094, 0, 0
1326, 2, 394, 485, 95, 0, 17.53%, 0, 0, 11, 363.66, 455955, 1094, 0, 0
1331, 3, 402, 485, 95, 0, 17.53%, 0, 0, 11, 368.68, 457818, 1094, 0, 0
1336, 3, 409, 485, 93, 0, 17.53%, 0, 0, 11, 362.91, 459653, 1094, 0, 0
1341, 3, 394, 485, 91, 0, 17.53%, 0, 0, 11, 369.02, 461522, 1094, 0, 0
1346, 3, 231, 485, 91, 0, 17.53%, 0, 0, 11, 371.40, 463465, 1094, 0, 0
1351, 3, 349, 485, 88, 0, 17.53%, 0, 0, 11, 366.89, 465282, 1094, 0, 0
1356, 3, 208, 485, 88, 0, 17.53%, 0, 0, 11, 363.07, 467186, 1094, 0, 0
1361, 3, 133, 485, 85, 0, 17.53%, 0, 0, 11, 371.02, 469064, 1094, 0, 0
1366, 3, 321, 485, 84, 0, 17.53%, 0, 0, 11, 374.04, 470935, 1094, 0, 0
1373, 3, 409, 485, 84, 0, 17.53%, 0, 0, 11, 374.41, 473535, 1094, 0, 0
1378, 3, 59, 485, 82, 0, 17.53%, 0, 0, 11, 371.91, 475409, 1094, 0, 0
1383, 3, 175, 486, 82, 0, 17.55%, 0, 0, 11, 367.49, 477304, 1095, 0, 0
1388, 3, 467, 486, 82, 0, 17.55%, 0, 0, 11, 363.34, 479190, 1095, 0, 0
1393, 3, 467, 486, 82, 0, 17.55%, 0, 0, 11, 363.59, 481037, 1095, 0, 0
1399, 3, 452, 486, 81, 0, 17.55%, 0, 0, 11, 369.62, 482951, 1095, 0, 0
1404, 3, 207, 486, 80, 0, 17.55%, 0, 0, 11, 368.33, 484804, 1095, 0, 0
1409, 3, 75, 487, 79, 0, 17.55%, 0, 0, 11, 366.90, 486645, 1095, 0, 0
1414, 3, 473, 489, 79, 0, 17.55%, 0, 0, 11, 364.50, 488504, 1095, 0, 0
1419, 3, 421, 489, 79, 0, 17.55%, 0, 0, 11, 367.56, 490437, 1095, 0, 0
1424, 3, 181, 489, 77, 0, 17.55%, 0, 0, 11, 363.07, 492279, 1095, 0, 0
1429, 3, 485, 489, 75, 0, 17.55%, 0, 0, 11, 370.02, 494215, 1095, 0, 0
1434, 3, 61, 489, 74, 0, 17.55%, 0, 0, 11, 373.60, 496089, 1095, 0, 0
1439, 3, 282, 489, 74, 0, 17.55%, 0, 0, 11, 372.69, 498014, 1095, 0, 0
1445, 3, 161, 489, 73, 0, 17.55%, 0, 0, 11, 372.41, 499899, 1095, 0, 0
1450, 3, 473, 489, 73, 0, 17.55%, 0, 0, 11, 368.85, 501833, 1095, 0, 0
1455, 3, 107, 489, 73, 0, 17.55%, 0, 0, 11, 374.88, 503784, 1095, 0, 0
1460, 3, 257, 489, 72, 0, 17.55%, 0, 0, 11, 367.83, 505637, 1095, 0, 0
1465, 3, 490, 491, 73, 1, 17.55%, 0, 0, 11, 368.25, 507508, 1095, 0, 0
1470, 3, 437, 491, 71, 0, 17.55%, 0, 0, 11, 370.36, 509434, 1095, 0, 0
1476, 3, 112, 491, 71, 0, 17.55%, 0, 0, 11, 364.93, 511321, 1095, 0, 0
1481, 3, 298, 491, 70, 0, 17.55%, 0, 0, 11, 368.67, 513223, 1095, 0, 0
1486, 3, 353, 491, 70, 0, 17.55%, 0, 0, 11, 369.30, 515152, 1095, 0, 0
1491, 3, 374, 491, 70, 0, 17.55%, 0, 0, 11, 372.57, 517084, 1095, 0, 0
1498, 3, 455, 491, 70, 0, 17.55%, 0, 0, 11, 370.24, 519453, 1095, 0, 0
1503, 3, 28, 491, 69, 0, 17.55%, 0, 0, 11, 369.85, 521370, 1095, 0, 0
1508, 3, 47, 491, 68, 0, 17.55%, 0, 0, 11, 371.40, 523219, 1095, 0, 0
1513, 3, 250, 491, 68, 0, 17.55%, 0, 0, 11, 370.47, 525093, 1095, 0, 0
1518, 3, 441, 491, 67, 0, 17.55%, 0, 0, 11, 372.77, 527003, 1095, 0, 0
1523, 4, 136, 491, 67, 0, 17.55%, 0, 0, 11, 372.81, 528877, 1095, 0, 0
1528, 4, 342, 492, 67, 0, 17.55%, 0, 0, 11, 372.14, 530739, 1095, 0, 0
1533, 4, 491, 496, 71, 0, 17.55%, 0, 0, 11, 350.64, 532527, 1095, 0, 0
1538, 4, 491, 496, 71, 0, 17.55%, 0, 0, 11, 344.58, 534244, 1095, 0, 0
1543, 4, 491, 497, 72, 0, 17.55%, 0, 0, 11, 343.06, 535961, 1095, 0, 0
1548, 4, 491, 498, 73, 0, 17.55%, 0, 0, 11, 342.68, 537690, 1095, 0, 0
1553, 4, 491, 498, 73, 0, 17.55%, 0, 0, 11, 342.10, 539418, 1095, 0, 0
1558, 4, 491, 498, 73, 0, 17.55%, 0, 0, 11, 342.20, 541140, 1095, 0, 0
1563, 4, 491, 498, 73, 0, 17.55%, 0, 0, 11, 342.05, 542862, 1095, 0, 0
1569, 4, 282, 498, 72, 0, 17.55%, 0, 0, 11, 348.59, 544930, 1095, 0, 0
1576, 4, 443, 498, 72, 0, 17.55%, 0, 0, 11, 363.70, 547435, 1095, 0, 0
1581, 4, 317, 498, 71, 0, 17.55%, 0, 0, 11, 365.33, 549278, 1095, 0, 0
1586, 4, 494, 498, 71, 0, 17.55%, 0, 0, 11, 357.90, 551156, 1095, 0, 0
1591, 4, 131, 498, 69, 0, 17.55%, 0, 0, 11, 354.11, 552957, 1095, 0, 0
1597, 4, 169, 498, 68, 0, 17.55%, 0, 0, 11, 367.31, 554881, 1095, 0, 0
1602, 4, 493, 498, 68, 0, 17.55%, 0, 0, 11, 366.67, 556729, 1095, 0, 0
1607, 4, 312, 498, 66, 0, 17.55%, 0, 0, 11, 362.84, 558586, 1095, 0, 0
1612, 4, 498, 499, 65, 1, 17.55%, 0, 0, 11, 371.00, 560524, 1095, 0, 0
1617, 4, 119, 499, 64, 0, 17.55%, 0, 0, 11, 373.29, 562474, 1095, 0, 0
1622, 4, 436, 499, 63, 0, 17.55%, 0, 0, 11, 374.52, 564411, 1095, 0, 0
1627, 4, 495, 500, 64, 0, 17.55%, 0, 0, 11, 356.89, 566267, 1095, 0, 0
1633, 4, 496, 502, 65, 0, 17.58%, 0, 0, 11, 349.73, 568063, 1097, 0, 0
1638, 4, 500, 504, 66, 1, 17.58%, 0, 0, 11, 323.86, 569682, 1097, 0, 0
1643, 4, 499, 504, 65, 0, 17.58%, 0, 0, 11, 345.00, 571493, 1097, 0, 0
1648, 4, 416, 504, 63, 0, 17.58%, 0, 0, 11, 363.17, 573395, 1097, 0, 0
1653, 4, 373, 504, 63, 0, 17.58%, 0, 0, 11, 370.98, 575296, 1097, 0, 0
1660, 4, 121, 504, 62, 0, 17.58%, 0, 0, 11, 369.35, 577684, 1097, 0, 0
1665, 4, 183, 505, 62, 0, 17.58%, 0, 0, 11, 363.67, 579580, 1097, 0, 0
1670, 4, 109, 506, 62, 0, 17.58%, 0, 0, 11, 361.91, 581334, 1097, 0, 0
1676, 4, 498, 507, 62, 0, 17.58%, 0, 0, 11, 369.37, 583561, 1097, 0, 0
1681, 4, 501, 507, 62, 0, 17.58%, 0, 0, 11, 366.85, 585482, 1097, 0, 0
1686, 4, 139, 507, 61, 0, 17.58%, 0, 0, 11, 345.63, 587256, 1097, 0, 0
1692, 4, 167, 507, 61, 0, 17.58%, 0, 0, 11, 322.90, 589019, 1097, 0, 0
1697, 4, 376, 507, 61, 0, 17.58%, 0, 0, 11, 348.72, 590852, 1097, 0, 0
1702, 4, 409, 507, 61, 0, 17.58%, 0, 0, 11, 345.43, 592630, 1097, 0, 0
1707, 4, 434, 507, 61, 0, 17.58%, 0, 0, 11, 331.98, 594282, 1097, 0, 0
1712, 4, 78, 507, 61, 0, 17.58%, 0, 0, 11, 331.58, 595948, 1097, 0, 0
1717, 4, 492, 507, 61, 0, 17.58%, 0, 0, 11, 334.39, 597705, 1097, 0, 0
1722, 4, 103, 507, 60, 0, 17.58%, 0, 0, 11, 322.33, 599300, 1097, 0, 0
1727, 4, 194, 507, 58, 0, 17.58%, 0, 0, 11, 336.40, 600991, 1097, 0, 0
1732, 4, 219, 507, 58, 0, 17.58%, 0, 0, 11, 342.20, 602729, 1097, 0, 0
1738, 4, 419, 508, 58, 0, 17.58%, 0, 0, 11, 313.27, 604357, 1097, 0, 0
1743, 4, 436, 508, 58, 0, 17.58%, 0, 0, 11, 327.50, 605976, 1097, 0, 0
1748, 4, 487, 508, 58, 0, 17.58%, 0, 0, 11, 340.79, 607731, 1097, 0, 0
1753, 4, 263, 509, 57, 0, 17.58%, 0, 0, 11, 344.62, 609488, 1097, 0, 0
1758, 4, 503, 509, 57, 0, 17.58%, 0, 0, 11, 312.29, 611067, 1097, 0, 0
1763, 4, 327, 509, 56, 0, 17.58%, 0, 0, 11, 338.40, 612834, 1097, 0, 0
1768, 4, 510, 511, 57, 1, 17.58%, 0, 0, 11, 344.19, 614604, 1097, 0, 0
1773, 4, 473, 511, 56, 0, 17.58%, 0, 0, 11, 346.23, 616399, 1097, 0, 0
1779, 4, 104, 511, 56, 0, 17.58%, 0, 0, 11, 347.42, 618199, 1097, 0, 0
1784, 4, 485, 511, 56, 0, 17.58%, 0, 0, 11, 348.61, 619965, 1097, 0, 0
1789, 4, 136, 511, 56, 0, 17.58%, 0, 0, 11, 349.40, 621776, 1097, 0, 0
1794, 4, 160, 511, 56, 0, 17.58%, 0, 0, 11, 352.66, 623548, 1097, 0, 0
1799, 5, 96, 511, 56, 0, 17.58%, 0, 0, 11, 347.70, 625299, 1097, 0, 0
1804, 5, 506, 511, 56, 0, 17.58%, 0, 0, 11, 350.79, 627112, 1097, 0, 0
1809, 5, 107, 511, 54, 0, 17.58%, 0, 0, 11, 347.48, 628854, 1097, 0, 0
1814, 5, 246, 511, 54, 0, 17.58%, 0, 0, 11, 338.77, 630549, 1097, 0, 0
1819, 5, 461, 511, 53, 0, 17.58%, 0, 0, 11, 348.47, 632310, 1097, 0, 0
1824, 5, 447, 511, 53, 0, 17.58%, 0, 0, 11, 350.74, 634140, 1097, 0, 0
1829, 5, 479, 512, 54, 0, 17.58%, 0, 0, 11, 347.19, 635928, 1097, 0, 0
1834, 5, 263, 512, 54, 0, 17.58%, 0, 0, 11, 345.28, 637668, 1097, 0, 0
1840, 5, 406, 512, 54, 0, 17.58%, 0, 0, 11, 342.43, 639449, 1097, 0, 0
1845, 5, 507, 512, 54, 0, 17.58%, 0, 0, 11, 345.67, 641186, 1097, 0, 0
1850, 5, 198, 512, 53, 0, 17.58%, 0, 0, 11, 340.43, 642901, 1097, 0, 0
1855, 5, 427, 512, 51, 0, 17.58%, 0, 0, 11, 340.83, 644593, 1097, 0, 0
1860, 5, 402, 512, 50, 0, 17.58%, 0, 0, 11, 338.90, 646324, 1097, 0, 0
1865, 5, 436, 512, 50, 0, 17.58%, 0, 0, 11, 341.31, 648058, 1097, 0, 0
1870, 5, 369, 512, 49, 0, 17.58%, 0, 0, 11, 343.01, 649834, 1097, 0, 0
1875, 5, 510, 512, 49, 0, 17.58%, 0, 0, 11, 342.45, 651538, 1097, 0, 0
1880, 5, 434, 513, 50, 0, 17.58%, 0, 0, 11, 351.35, 653364, 1097, 0, 0
1885, 5, 513, 525, 62, 1, 17.62%, 0, 0, 11, 336.20, 655046, 1099, 0, 0
1890, 5, 513, 527, 64, 1, 17.62%, 0, 0, 11, 332.90, 656728, 1099, 0, 0
1896, 5, 513, 528, 65, 1, 17.62%, 0, 0, 11, 331.35, 658457, 1099, 0, 0
1901, 5, 513, 528, 65, 1, 17.62%, 0, 0, 11, 327.45, 660155, 1099, 0, 0
1906, 5, 513, 528, 65, 1, 17.62%, 0, 0, 11, 323.61, 661829, 1099, 0, 0
1911, 5, 513, 529, 66, 1, 17.62%, 0, 0, 11, 319.25, 663402, 1099, 0, 0
1916, 5, 513, 529, 66, 1, 17.62%, 0, 0, 11, 296.83, 664890, 1099, 0, 0
1921, 5, 513, 529, 66, 1, 17.62%, 0, 0, 11, 313.48, 666516, 1099, 0, 0
1927, 5, 362, 529, 64, 1, 17.62%, 0, 0, 11, 317.07, 668488, 1099, 0, 0
1932, 5, 489, 530, 64, 1, 17.62%, 0, 0, 11, 318.87, 670123, 1099, 0, 0
1937, 5, 529, 532, 66, 1, 17.62%, 0, 0, 11, 338.71, 671892, 1099, 0, 0
1942, 5, 453, 532, 65, 1, 17.62%, 0, 0, 11, 349.34, 673639, 1099, 0, 0
1948, 5, 54, 533, 65, 0, 17.62%, 0, 0, 12, 350.34, 675431, 1099, 0, 0
1954, 5, 338, 534, 65, 0, 17.62%, 0, 0, 12, 357.38, 677864, 1099, 0, 0
1959, 5, 140, 534, 63, 0, 17.62%, 0, 0, 12, 351.49, 679601, 1099, 0, 0
1964, 5, 509, 534, 63, 0, 17.62%, 0, 0, 12, 355.73, 681396, 1099, 0, 0
1970, 5, 139, 534, 62, 0, 17.62%, 0, 0, 12, 350.56, 683213, 1099, 0, 0
1975, 5, 170, 534, 62, 0, 17.62%, 0, 0, 12, 357.95, 685039, 1099, 0, 0
1980, 5, 202, 534, 61, 0, 17.62%, 0, 0, 12, 353.04, 686835, 1099, 0, 0
1985, 5, 534, 535, 61, 1, 17.62%, 0, 0, 12, 349.08, 688597, 1099, 0, 0
1990, 5, 54, 535, 60, 0, 17.62%, 0, 0, 12, 354.22, 690364, 1099, 0, 0
1995, 5, 135, 535, 59, 0, 17.62%, 0, 0, 12, 353.34, 692142, 1099, 0, 0
2000, 5, 262, 535, 59, 0, 17.62%, 0, 0, 12, 346.43, 693934, 1099, 0, 0
2005, 5, 509, 537, 61, 0, 17.62%, 0, 0, 12, 339.21, 695619, 1099, 0, 0
2010, 5, 505, 537, 60, 0, 17.62%, 0, 0, 12, 343.08, 697368, 1099, 0, 0
2015, 5, 163, 537, 58, 0, 17.62%, 0, 0, 12, 354.49, 699248, 1099, 0, 0
2020, 5, 327, 537, 57, 0, 17.62%, 0, 0, 12, 348.72, 700994, 1099, 0, 0
2025, 5, 436, 537, 57, 0, 17.62%, 0, 0, 12, 356.86, 702817, 1099, 0, 0
2031, 5, 528, 537, 56, 0, 17.62%, 0, 0, 12, 358.31, 704690, 1099, 0, 0
2036, 5, 239, 537, 56, 0, 17.62%, 0, 0, 12, 357.73, 706544, 1099, 0, 0
2041, 5, 228, 537, 55, 0, 17.62%, 0, 0, 12, 358.85, 708350, 1099, 0, 0
2046, 5, 157, 537, 54, 0, 17.62%, 0, 0, 12, 358.56, 710185, 1099, 0, 0
2051, 5, 537, 538, 54, 1, 17.62%, 0, 0, 12, 356.53, 711959, 1099, 0, 0
2056, 5, 172, 538, 53, 0, 17.62%, 0, 0, 12, 366.82, 713887, 1099, 0, 0
2061, 5, 457, 538, 52, 0, 17.62%, 0, 0, 12, 356.30, 715661, 1099, 0, 0
2066, 5, 52, 538, 51, 0, 17.62%, 0, 0, 12, 364.06, 717561, 1099, 0, 0
2071, 5, 290, 539, 50, 0, 17.63%, 0, 0, 12, 368.49, 719430, 1100, 0, 0
2076, 6, 93, 539, 49, 0, 17.63%, 0, 0, 12, 367.89, 721267, 1100, 0, 0
2082, 6, 319, 539, 49, 0, 17.63%, 0, 0, 12, 367.79, 723268, 1100, 0, 0
2087, 6, 153, 539, 49, 0, 17.63%, 0, 0, 12, 369.53, 725138, 1100, 0, 0
2092, 6, 447, 539, 49, 0, 17.63%, 0, 0, 12, 364.87, 726984, 1100, 0, 0
2097, 6, 443, 539, 48, 0, 17.63%, 0, 0, 12, 371.51, 728919, 1100, 0, 0
2102, 6, 218, 540, 48, 0, 17.63%, 0, 0, 12, 368.50, 730833, 1100, 0, 0
2108, 6, 476, 540, 48, 0, 17.63%, 0, 0, 12, 369.06, 732750, 1100, 0, 0
2113, 6, 282, 542, 48, 0, 17.71%, 0, 0, 12, 370.78, 734656, 1105, 0, 0
2118, 6, 104, 542, 47, 0, 17.71%, 0, 0, 12, 371.84, 736533, 1105, 0, 0
2123, 6, 447, 543, 47, 0, 17.71%, 0, 0, 13, 366.75, 738376, 1105, 0, 0
2128, 6, 295, 543, 47, 0, 17.71%, 0, 0, 13, 371.20, 740288, 1105, 0, 0
2133, 6, 505, 543, 47, 0, 17.71%, 0, 0, 13, 373.28, 742157, 1105, 0, 0
2138, 6, 186, 544, 48, 0, 17.71%, 0, 0, 13, 370.03, 744135, 1105, 0, 0
2144, 6, 133, 544, 47, 0, 17.71%, 0, 0, 13, 366.32, 746030, 1105, 0, 0
2149, 6, 135, 544, 47, 0, 17.71%, 0, 0, 13, 368.33, 747888, 1105, 0, 0
2154, 6, 542, 544, 47, 0, 17.71%, 0, 0, 13, 364.34, 749723, 1105, 0, 0
2159, 6, 437, 544, 46, 0, 17.71%, 0, 0, 13, 367.07, 751578, 1105, 0, 0
2164, 6, 393, 544, 46, 0, 17.71%, 0, 0, 13, 371.04, 753511, 1105, 0, 0
2169, 6, 353, 544, 45, 0, 17.71%, 0, 0, 13, 368.24, 755358, 1105, 0, 0
2174, 6, 267, 544, 43, 0, 17.71%, 0, 0, 13, 370.37, 757228, 1105, 0, 0
2179, 6, 125, 544, 43, 0, 17.71%, 0, 0, 13, 366.62, 759081, 1105, 0, 0
2184, 6, 70, 546, 44, 0, 17.73%, 0, 0, 13, 369.57, 760947, 1106, 0, 0
2189, 6, 312, 548, 46, 0, 17.73%, 0, 0, 13, 369.84, 762823, 1106, 0, 0
2194, 6, 444, 548, 45, 0, 17.73%, 0, 0, 13, 367.27, 764665, 1106, 0, 0
2199, 6, 380, 548, 44, 0, 17.73%, 0, 0, 13, 362.03, 766444, 1106, 0, 0
2204, 6, 436, 548, 44, 0, 17.73%, 0, 0, 13, 368.26, 768301, 1106, 0, 0
2209, 6, 484, 548, 44, 0, 17.73%, 0, 0, 13, 361.42, 770134, 1106, 0, 0
2214, 6, 437, 548, 43, 0, 17.73%, 0, 0, 13, 366.82, 772034, 1106, 0, 0
2220, 6, 429, 548, 43, 0, 17.73%, 0, 0, 13, 366.58, 773858, 1106, 0, 0
2225, 6, 273, 548, 43, 0, 17.73%, 0, 0, 13, 364.85, 775703, 1106, 0, 0
2230, 6, 338, 548, 42, 0, 17.73%, 0, 0, 13, 368.56, 777627, 1106, 0, 0
2236, 6, 470, 548, 40, 0, 17.73%, 0, 0, 13, 365.71, 779971, 1106, 0, 0
2241, 6, 509, 548, 40, 0, 17.73%, 0, 0, 13, 365.49, 781819, 1106, 0, 0
2246, 6, 121, 548, 39, 0, 17.73%, 0, 0, 13, 370.05, 783677, 1106, 0, 0
2251, 6, 516, 548, 39, 0, 17.73%, 0, 0, 13, 366.47, 785524, 1106, 0, 0
2256, 6, 377, 548, 38, 0, 17.73%, 0, 0, 13, 364.81, 787373, 1106, 0, 0
2262, 6, 542, 548, 38, 0, 17.73%, 0, 0, 13, 363.08, 789243, 1106, 0, 0
2267, 6, 310, 548, 38, 0, 17.73%, 0, 0, 13, 367.93, 791112, 1106, 0, 0
2272, 6, 96, 549, 39, 0, 17.73%, 0, 0, 13, 367.18, 793023, 1106, 0, 0
2277, 6, 175, 549, 39, 0, 17.73%, 0, 0, 13, 370.72, 794929, 1106, 0, 0
2282, 6, 338, 549, 38, 0, 17.73%, 0, 0, 13, 372.72, 796866, 1106, 0, 0
2288, 6, 305, 549, 38, 0, 17.73%, 0, 0, 13, 371.05, 798999, 1106, 0, 0
2293, 7, 436, 549, 38, 0, 17.73%, 0, 0, 13, 371.29, 800862, 1106, 0, 0
2298, 7, 129, 549, 38, 0, 17.73%, 0, 0, 13, 372.52, 802801, 1106, 0, 0
2303, 7, 402, 549, 38, 0, 17.73%, 0, 0, 13, 373.39, 804711, 1106, 0, 0
2308, 7, 488, 549, 38, 0, 17.73%, 0, 0, 13, 346.06, 806460, 1106, 0, 0
2313, 7, 443, 549, 37, 0, 17.73%, 0, 0, 13, 364.35, 808315, 1106, 0, 0
2318, 7, 78, 549, 36, 0, 17.73%, 0, 0, 13, 367.09, 810211, 1106, 0, 0
2324, 7, 196, 549, 35, 0, 17.73%, 0, 0, 13, 368.57, 812117, 1106, 0, 0
2329, 7, 20, 549, 35, 0, 17.73%, 0, 0, 13, 368.18, 813970, 1106, 0, 0
2334, 7, 338, 549, 35, 0, 17.73%, 0, 0, 13, 369.30, 815888, 1106, 0, 0
2339, 7, 61, 549, 34, 0, 17.73%, 0, 0, 13, 368.96, 817732, 1106, 0, 0
2344, 7, 267, 549, 34, 0, 17.73%, 0, 0, 13, 366.55, 819639, 1106, 0, 0
2349, 7, 228, 549, 34, 0, 17.73%, 0, 0, 13, 365.19, 821460, 1106, 0, 0
2354, 7, 123, 549, 34, 0, 17.73%, 0, 0, 13, 368.02, 823358, 1106, 0, 0
2359, 7, 112, 549, 34, 0, 17.73%, 0, 0, 13, 370.82, 825211, 1106, 0, 0
2364, 7, 436, 549, 34, 0, 17.73%, 0, 0, 13, 366.17, 827054, 1106, 0, 0
2369, 7, 359, 549, 34, 0, 17.73%, 0, 0, 13, 361.82, 828937, 1106, 0, 0
2374, 7, 537, 549, 34, 0, 17.73%, 0, 0, 13, 368.77, 830800, 1106, 0, 0
2380, 7, 145, 549, 34, 0, 17.73%, 0, 0, 13, 369.31, 832721, 1106, 0, 0
2385, 7, 381, 549, 33, 0, 17.73%, 0, 0, 13, 370.03, 834570, 1106, 0, 0
2391, 7, 118, 549, 33, 0, 17.73%, 0, 0, 13, 367.42, 836793, 1106, 0, 0
2396, 7, 460, 549, 33, 0, 17.73%, 0, 0, 13, 370.95, 838667, 1106, 0, 0
2401, 7, 104, 549, 33, 0, 17.73%, 0, 0, 13, 371.28, 840524, 1106, 0, 0
2406, 7, 170, 549, 33, 0, 17.73%, 0, 0, 13, 370.60, 842434, 1106, 0, 0
2411, 7, 298, 549, 33, 0, 17.73%, 0, 0, 13, 371.80, 844306, 1106, 0, 0
2416, 7, 539, 549, 33, 0, 17.73%, 0, 0, 13, 369.73, 846217, 1106, 0, 0
2421, 7, 58, 549, 33, 0, 17.73%, 0, 0, 13, 369.25, 848127, 1106, 0, 0
2426, 7, 541, 549, 33, 0, 17.73%, 0, 0, 13, 367.30, 849974, 1106, 0, 0
2431, 7, 194, 549, 33, 0, 17.73%, 0, 0, 13, 367.80, 851828, 1106, 0, 0
2437, 7, 170, 550, 34, 0, 17.73%, 0, 0, 14, 357.26, 853606, 1106, 0, 0
2442, 7, 308, 550, 34, 0, 17.73%, 0, 0, 14, 366.25, 855460, 1106, 0, 0
2447, 7, 521, 550, 34, 0, 17.73%, 0, 0, 14, 352.96, 857243, 1106, 0, 0
2452, 7, 96, 550, 33, 0, 17.73%, 0, 0, 14, 362.77, 859241, 1106, 0, 0
2457, 7, 538, 551, 34, 0, 17.73%, 0, 0, 14, 365.48, 861075, 1106, 0, 0
2462, 7, 518, 552, 34, 0, 17.73%, 0, 0, 14, 361.79, 862947, 1106, 0, 0
2467, 7, 523, 554, 33, 0, 17.73%, 0, 0, 14, 361.52, 864741, 1106, 0, 0
2473, 7, 484, 554, 32, 0, 17.73%, 0, 0, 14, 358.23, 866564, 1106, 0, 0
2478, 7, 505, 554, 32, 0, 17.73%, 0, 0, 14, 368.85, 868428, 1106, 0, 0
2483, 7, 437, 555, 33, 0, 17.73%, 0, 0, 14, 364.69, 870260, 1106, 0, 0
2488, 7, 218, 555, 33, 0, 17.73%, 0, 0, 14, 371.08, 872132, 1106, 0, 0
2493, 7, 544, 555, 33, 0, 17.73%, 0, 0, 14, 370.69, 874056, 1106, 0, 0
2498, 7, 350, 555, 32, 0, 17.73%, 0, 0, 14, 359.90, 875895, 1106, 0, 0
2503, 7, 112, 555, 32, 0, 17.73%, 0, 0, 14, 366.64, 877799, 1106, 0, 0
2508, 8, 434, 555, 30, 0, 17.73%, 0, 0, 14, 342.08, 879523, 1106, 0, 0
2513, 8, 461, 555, 30, 0, 17.73%, 0, 0, 14, 346.37, 881253, 1106, 0, 0
2518, 8, 350, 555, 30, 0, 17.73%, 0, 0, 14, 344.62, 882981, 1106, 0, 0
2523, 8, 552, 556, 31, 0, 17.73%, 0, 0, 14, 357.43, 884801, 1106, 0, 0
2528, 8, 327, 556, 30, 0, 17.73%, 0, 0, 14, 359.67, 886622, 1106, 0, 0
2533, 8, 136, 557, 30, 0, 17.73%, 0, 0, 14, 355.08, 888374, 1106, 0, 0
2538, 8, 142, 557, 30, 0, 17.73%, 0, 0, 14, 343.33, 890098, 1106, 0, 0
2543, 8, 125, 557, 29, 0, 17.73%, 0, 0, 14, 352.62, 891930, 1106, 0, 0
2548, 8, 472, 557, 29, 0, 17.73%, 0, 0, 14, 367.72, 893798, 1106, 0, 0
2554, 8, 522, 557, 28, 0, 17.73%, 0, 0, 14, 365.64, 895812, 1106, 0, 0
2559, 8, 135, 558, 28, 0, 17.73%, 0, 0, 14, 369.56, 897664, 1106, 0, 0
2564, 8, 327, 558, 28, 0, 17.73%, 0, 0, 14, 360.11, 899544, 1106, 0, 0
2569, 8, 162, 558, 28, 0, 17.73%, 0, 0, 14, 335.31, 901230, 1106, 0, 0
2574, 8, 112, 558, 28, 0, 17.73%, 0, 0, 14, 361.32, 903131, 1106, 0, 0
2579, 8, 447, 558, 26, 0, 17.73%, 0, 0, 14, 368.11, 904982, 1106, 0, 0
2584, 8, 505, 558, 26, 0, 17.73%, 0, 0, 14, 371.19, 906853, 1106, 0, 0
2590, 8, 373, 558, 26, 0, 17.73%, 0, 0, 14, 367.59, 908766, 1106, 0, 0
2595, 8, 436, 558, 25, 0, 17.73%, 0, 0, 14, 370.50, 910628, 1106, 0, 0
2600, 8, 444, 558, 25, 0, 17.73%, 0, 0, 14, 369.94, 912485, 1106, 0, 0
2605, 8, 60, 558, 25, 0, 17.73%, 0, 0, 14, 370.56, 914399, 1106, 0, 0
2610, 8, 217, 558, 25, 0, 17.73%, 0, 0, 14, 371.23, 916259, 1106, 0, 0
2615, 8, 135, 558, 25, 0, 17.73%, 0, 0, 14, 371.46, 918310, 1106, 0, 0
2621, 8, 74, 558, 25, 0, 17.73%, 0, 0, 14, 374.44, 920259, 1106, 0, 0
2626, 8, 162, 559, 26, 0, 17.73%, 0, 0, 14, 368.81, 922174, 1106, 0, 0
2631, 8, 434, 559, 25, 0, 17.73%, 0, 0, 14, 365.17, 924046, 1106, 0, 0
2636, 8, 115, 559, 25, 0, 17.73%, 0, 0, 14, 370.88, 925974, 1106, 0, 0
2641, 8, 558, 559, 25, 0, 17.73%, 0, 0, 14, 372.06, 927846, 1106, 0, 0
2646, 8, 443, 559, 24, 0, 17.73%, 0, 0, 14, 370.33, 929768, 1106, 0, 0
2651, 8, 437, 560, 24, 0, 17.73%, 0, 0, 14, 370.56, 931640, 1106, 0, 0
2656, 8, 502, 560, 24, 0, 17.73%, 0, 0, 14, 336.54, 933324, 1106, 0, 0
2661, 8, 560, 561, 23, 0, 17.73%, 0, 0, 14, 353.74, 935159, 1106, 0, 0
2667, 8, 319, 562, 24, 0, 17.73%, 0, 0, 14, 368.39, 937083, 1106, 0, 0
2672, 8, 72, 562, 24, 0, 17.73%, 0, 0, 14, 372.60, 938950, 1106, 0, 0
2677, 8, 308, 562, 24, 0, 17.73%, 0, 0, 14, 372.89, 940840, 1106, 0, 0
2682, 8, 370, 562, 24, 0, 17.73%, 0, 0, 14, 366.58, 942691, 1106, 0, 0
2687, 8, 282, 562, 23, 0, 17.73%, 0, 0, 14, 367.18, 944584, 1106, 0, 0
2692, 8, 543, 562, 23, 0, 17.73%, 0, 0, 14, 371.20, 946467, 1106, 0, 0
2697, 8, 158, 562, 23, 0, 17.73%, 0, 0, 14, 373.49, 948399, 1106, 0, 0
2702, 8, 556, 562, 22, 0, 17.73%, 0, 0, 14, 369.94, 950261, 1106, 0, 0
2707, 8, 135, 562, 21, 0, 17.73%, 0, 0, 14, 368.10, 952095, 1106, 0, 0
2712, 8, 70, 562, 21, 0, 17.73%, 0, 0, 14, 371.68, 953967, 1106, 0, 0
2717, 8, 461, 562, 21, 0, 17.73%, 0, 0, 14, 369.26, 955824, 1106, 0, 0
2722, 8, 498, 562, 21, 0, 17.73%, 0, 0, 14, 371.36, 957750, 1106, 0, 0
2728, 9, 559, 562, 21, 0, 17.73%, 0, 0, 14, 364.44, 959619, 1106, 0, 0
2733, 9, 338, 562, 20, 0, 17.73%, 0, 0, 14, 363.97, 961385, 1106, 0, 0
2738, 9, 437, 562, 20, 0, 17.73%, 0, 0, 14, 370.56, 963267, 1106, 0, 0
2743, 9, 160, 562, 20, 0, 17.73%, 0, 0, 14, 370.92, 965190, 1106, 0, 0
2748, 9, 117, 562, 20, 0, 17.73%, 0, 0, 14, 370.31, 967113, 1106, 0, 0
2753, 9, 359, 562, 20, 0, 17.73%, 0, 0, 14, 372.95, 968991, 1106, 0, 0
2758, 9, 437, 562, 20, 0, 17.73%, 0, 0, 14, 367.07, 970831, 1106, 0, 0
2763, 9, 217, 562, 20, 0, 17.73%, 0, 0, 14, 372.85, 972705, 1106, 0, 0
2768, 9, 434, 562, 20, 0, 17.73%, 0, 0, 14, 371.19, 974632, 1106, 0, 0
2773, 9, 554, 562, 20, 0, 17.73%, 0, 0, 14, 371.84, 976563, 1106, 0, 0
2778, 9, 554, 562, 18, 0, 17.73%, 0, 0, 14, 365.45, 978384, 1106, 0, 0
2785, 9, 560, 562, 18, 0, 17.73%, 0, 0, 14, 371.59, 980773, 1106, 0, 0
2790, 9, 293, 562, 18, 0, 17.73%, 0, 0, 14, 369.02, 982690, 1106, 0, 0
2795, 9, 104, 562, 18, 0, 17.73%, 0, 0, 14, 373.06, 984568, 1106, 0, 0
2800, 9, 436, 562, 18, 0, 17.73%, 0, 0, 14, 371.18, 986422, 1106, 0, 0
2805, 9, 379, 562, 18, 0, 17.73%, 0, 0, 14, 371.85, 988339, 1106, 0, 0
2810, 9, 54, 562, 18, 0, 17.73%, 0, 0, 14, 369.94, 990178, 1106, 0, 0
2815, 9, 436, 562, 18, 0, 17.73%, 0, 0, 14, 370.03, 992039, 1106, 0, 0
2820, 9, 196, 562, 18, 0, 17.73%, 0, 0, 14, 364.36, 993948, 1106, 0, 0
2825, 9, 436, 562, 18, 0, 17.73%, 0, 0, 14, 369.88, 995836, 1106, 0, 0
2830, 9, 485, 562, 18, 0, 17.73%, 0, 0, 14, 369.71, 997688, 1106, 0, 0
2836, 9, 359, 562, 18, 0, 17.73%, 0, 0, 14, 369.84, 999548, 1106, 0, 0
2841, 9, 436, 562, 18, 0, 17.73%, 0, 0, 14, 369.95, 1001430, 1106, 0, 0
2846, 9, 500, 562, 18, 0, 17.73%, 0, 0, 14, 363.94, 1003259, 1106, 0, 0
2851, 9, 434, 562, 17, 0, 17.73%, 0, 0, 14, 365.37, 1005089, 1106, 0, 0
2856, 9, 122, 562, 17, 0, 17.73%, 0, 0, 14, 370.30, 1006968, 1106, 0, 0
2861, 9, 293, 562, 17, 0, 17.73%, 0, 0, 14, 374.11, 1008843, 1106, 0, 0
2867, 9, 241, 562, 17, 0, 17.73%, 0, 0, 14, 374.08, 1011180, 1106, 0, 0
2872, 9, 160, 562, 17, 0, 17.73%, 0, 0, 14, 372.09, 1013093, 1106, 0, 0
2877, 9, 350, 562, 17, 0, 17.73%, 0, 0, 14, 371.30, 1014950, 1106, 0, 0
2882, 9, 560, 562, 17, 0, 17.73%, 0, 0, 14, 372.50, 1016817, 1106, 0, 0
2888, 9, 250, 562, 17, 0, 17.73%, 0, 0, 14, 367.17, 1018889, 1106, 0, 0
2893, 9, 327, 562, 17, 0, 17.73%, 0, 0, 14, 370.24, 1020821, 1106, 0, 0
2899, 9, 479, 562, 17, 0, 17.73%, 0, 0, 14, 371.65, 1022754, 1106, 0, 0
2904, 9, 536, 562, 17, 0, 17.73%, 0, 0, 14, 371.42, 1024621, 1106, 0, 0
2909, 9, 447, 562, 17, 0, 17.73%, 0, 0, 14, 369.88, 1026477, 1106, 0, 0
2914, 9, 537, 562, 17, 0, 17.73%, 0, 0, 14, 368.25, 1028328, 1106, 0, 0
2919, 9, 480, 562, 17, 0, 17.73%, 0, 0, 14, 370.67, 1030255, 1106, 0, 0
2924, 9, 176, 563, 18, 0, 17.73%, 0, 0, 14, 364.08, 1032019, 1106, 0, 0
2929, 10, 376, 563, 18, 0, 17.73%, 0, 0, 14, 370.69, 1033890, 1106, 0, 0
2934, 10, 241, 563, 18, 0, 17.73%, 0, 0, 14, 349.50, 1035599, 1106, 0, 0
2939, 10, 312, 563, 18, 0, 17.73%, 0, 0, 14, 366.09, 1037455, 1106, 0, 0
2944, 10, 434, 563, 18, 0, 17.73%, 0, 0, 14, 370.13, 1039373, 1106, 0, 0
2949, 10, 402, 563, 18, 0, 17.73%, 0, 0, 14, 373.42, 1041314, 1106, 0, 0
2954, 10, 70, 563, 18, 0, 17.73%, 0, 0, 14, 372.39, 1043178, 1106, 0, 0
2959, 10, 414, 564, 18, 0, 17.79%, 0, 0, 14, 365.63, 1045009, 1110, 0, 0
2964, 10, 104, 564, 18, 0, 17.79%, 0, 0, 14, 370.89, 1046869, 1110, 0, 0
2970, 10, 330, 564, 18, 0, 17.79%, 0, 0, 14, 367.96, 1048777, 1110, 0, 0
2975, 10, 498, 564, 18, 0, 17.79%, 0, 0, 14, 370.90, 1050657, 1110, 0, 0
2980, 10, 121, 564, 18, 0, 17.79%, 0, 0, 14, 369.94, 1052513, 1110, 0, 0
2986, 10, 244, 564, 18, 0, 17.79%, 0, 0, 14, 362.95, 1054910, 1110, 0, 0
2992, 10, 313, 564, 18, 0, 17.79%, 0, 0, 14, 366.93, 1056823, 1110, 0, 0
2997, 10, 167, 564, 18, 0, 17.79%, 0, 0, 14, 371.60, 1058687, 1110, 0, 0
3002, 10, 542, 564, 18, 0, 17.79%, 0, 0, 14, 366.67, 1060585, 1110, 0, 0
3007, 10, 146, 564, 18, 0, 17.79%, 0, 0, 14, 371.39, 1062504, 1110, 0, 0
3012, 10, 563, 564, 18, 0, 17.79%, 0, 0, 14, 367.77, 1064349, 1110, 0, 0
3017, 10, 227, 564, 17, 0, 17.79%, 0, 0, 14, 365.75, 1066185, 1110, 0, 0
3022, 10, 112, 564, 16, 0, 17.79%, 0, 0, 14, 364.81, 1067982, 1110, 0, 0
3027, 10, 319, 564, 16, 0, 17.79%, 0, 0, 14, 367.72, 1069890, 1110, 0, 0
3032, 10, 125, 564, 15, 0, 17.79%, 0, 0, 14, 369.35, 1071740, 1110, 0, 0
3037, 10, 121, 564, 15, 0, 17.79%, 0, 0, 14, 369.03, 1073601, 1110, 0, 0
3042, 10, 251, 564, 15, 0, 17.79%, 0, 0, 14, 366.00, 1075380, 1110, 0, 0
3048, 10, 485, 566, 16, 0, 17.79%, 0, 0, 14, 367.74, 1077294, 1110, 0, 0
3053, 10, 64, 566, 16, 0, 17.79%, 0, 0, 14, 371.15, 1079234, 1110, 0, 0
3059, 10, 457, 567, 17, 0, 17.79%, 0, 0, 14, 370.68, 1081725, 1110, 0, 0
3064, 10, 473, 567, 17, 0, 17.79%, 0, 0, 14, 373.77, 1083603, 1110, 0, 0
3069, 10, 386, 567, 17, 0, 17.79%, 0, 0, 14, 373.13, 1085489, 1110, 0, 0
3075, 10, 540, 567, 16, 0, 17.79%, 0, 0, 14, 370.55, 1087342, 1110, 0, 0
3080, 10, 464, 567, 16, 0, 17.79%, 0, 0, 14, 372.39, 1089497, 1110, 0, 0
3085, 10, 564, 567, 15, 0, 17.79%, 0, 0, 14, 368.20, 1091338, 1110, 0, 0
3090, 10, 509, 569, 16, 0, 17.79%, 0, 0, 14, 365.98, 1093220, 1110, 0, 0
3095, 10, 364, 569, 16, 0, 17.79%, 0, 0, 14, 370.81, 1095085, 1110, 0, 0
3101, 10, 410, 569, 16, 0, 17.79%, 0, 0, 14, 370.21, 1097196, 1110, 0, 0
3106, 10, 504, 571, 18, 0, 17.79%, 0, 0, 14, 372.69, 1099069, 1110, 0, 0
3111, 10, 443, 571, 18, 0, 17.79%, 0, 0, 14, 375.49, 1101015, 1110, 0, 0
3116, 10, 570, 571, 18, 0, 17.79%, 0, 0, 14, 375.72, 1102926, 1110, 0, 0
3122, 10, 153, 571, 17, 0, 17.79%, 0, 0, 14, 367.48, 1104840, 1110, 0, 0
3127, 10, 118, 571, 17, 0, 17.79%, 0, 0, 14, 371.73, 1106707, 1110, 0, 0
3132, 10, 404, 571, 17, 0, 17.79%, 0, 0, 14, 372.62, 1108571, 1110, 0, 0
3137, 10, 436, 571, 17, 0, 17.79%, 0, 0, 14, 373.25, 1110486, 1110, 0, 0
3142, 10, 509, 571, 17, 0, 17.79%, 0, 0, 14, 372.07, 1112343, 1110, 0, 0
3147, 10, 64, 572, 17, 0, 17.79%, 0, 0, 14, 367.09, 1114258, 1110, 0, 0
3152, 10, 563, 573, 17, 0, 17.79%, 0, 0, 14, 367.14, 1116184, 1110, 0, 0
3157, 11, 414, 573, 16, 0, 17.79%, 0, 0, 14, 369.80, 1118076, 1110, 0, 0
3162, 11, 248, 573, 16, 0, 17.79%, 0, 0, 14, 369.02, 1119920, 1110, 0, 0
3168, 11, 463, 573, 16, 0, 17.79%, 0, 0, 14, 367.67, 1121833, 1110, 0, 0
3173, 11, 74, 573, 16, 0, 17.79%, 0, 0, 14, 371.62, 1123766, 1110, 0, 0
3178, 11, 563, 573, 16, 0, 17.79%, 0, 0, 14, 368.25, 1125691, 1110, 0, 0
3183, 11, 20, 573, 16, 0, 17.79%, 0, 0, 14, 368.19, 1127546, 1110, 0, 0
3188, 11, 129, 573, 16, 0, 17.79%, 0, 0, 14, 371.25, 1129420, 1110, 0, 0
3193, 11, 574, 576, 17, 1, 17.92%, 0, 0, 14, 363.23, 1131288, 1118, 0, 0
3198, 11, 574, 578, 19, 1, 17.95%, 0, 0, 14, 364.27, 1133122, 1120, 0, 0
3203, 11, 574, 578, 19, 1, 17.95%, 0, 0, 14, 363.46, 1134963, 1120, 0, 0
3208, 11, 575, 585, 25, 3, 18.00%, 0, 0, 14, 350.51, 1136727, 1123, 0, 0
3214, 11, 575, 598, 38, 3, 18.30%, 0, 0, 14, 361.39, 1138573, 1142, 0, 0
3219, 11, 575, 601, 41, 3, 18.30%, 0, 0, 14, 364.52, 1140428, 1142, 0, 0
3224, 11, 575, 603, 43, 3, 18.32%, 0, 0, 14, 364.19, 1142276, 1143, 0, 0
3229, 11, 575, 605, 45, 3, 18.32%, 0, 0, 14, 363.57, 1144117, 1143, 0, 0
3234, 11, 575, 606, 46, 3, 18.34%, 0, 0, 14, 354.66, 1145902, 1144, 0, 0
3239, 11, 575, 608, 48, 3, 18.34%, 0, 0, 14, 357.67, 1147666, 1144, 0, 0
3244, 11, 576, 608, 47, 16, 18.34%, 0, 0, 14, 362.95, 1149504, 1144, 0, 0
3250, 11, 585, 608, 45, 14, 18.34%, 0, 0, 14, 369.88, 1151669, 1144, 0, 0
3255, 11, 593, 609, 45, 13, 18.34%, 0, 0, 14, 370.46, 1153717, 1144, 0, 0
3260, 11, 604, 610, 43, 10, 18.34%, 0, 0, 14, 371.49, 1155592, 1144, 0, 0
3265, 11, 601, 613, 43, 7, 18.35%, 0, 0, 14, 368.00, 1157435, 1145, 0, 0
3270, 11, 601, 616, 46, 7, 18.38%, 0, 0, 14, 363.63, 1159269, 1147, 0, 0
3275, 11, 601, 618, 48, 7, 18.38%, 0, 0, 14, 364.88, 1161117, 1147, 0, 0
3280, 11, 601, 619, 49, 7, 18.38%, 0, 0, 14, 365.21, 1162958, 1147, 0, 0
3285, 11, 601, 619, 49, 7, 18.38%, 0, 0, 14, 364.90, 1164799, 1147, 0, 0
3290, 11, 601, 619, 49, 7, 18.38%, 0, 0, 14, 365.04, 1166647, 1147, 0, 0
3296, 11, 601, 620, 50, 7, 18.38%, 0, 0, 14, 364.74, 1168495, 1147, 0, 0
3301, 11, 584, 620, 48, 8, 18.38%, 0, 0, 14, 366.73, 1170543, 1147, 0, 0
3306, 11, 612, 622, 48, 7, 18.38%, 0, 0, 14, 368.02, 1172415, 1147, 0, 0
3311, 11, 612, 626, 52, 7, 18.38%, 0, 0, 14, 370.24, 1174340, 1147, 0, 0
3317, 11, 612, 628, 54, 7, 18.40%, 0, 0, 14, 370.27, 1176265, 1148, 0, 0
3322, 11, 612, 629, 55, 7, 18.40%, 0, 0, 14, 370.57, 1178190, 1148, 0, 0
3327, 11, 612, 629, 55, 7, 18.40%, 0, 0, 14, 371.12, 1180115, 1148, 0, 0
3333, 11, 597, 630, 55, 7, 18.40%, 0, 0, 14, 370.08, 1182211, 1148, 0, 0
3338, 11, 605, 634, 57, 6, 18.40%, 0, 0, 14, 370.13, 1184107, 1148, 0, 0
3343, 11, 631, 634, 54, 3, 18.40%, 0, 0, 14, 369.84, 1186038, 1148, 0, 0
3348, 11, 608, 634, 53, 2, 18.40%, 0, 0, 14, 366.21, 1187879, 1148, 0, 0
3353, 11, 505, 634, 49, 0, 18.40%, 0, 0, 14, 369.41, 1189789, 1148, 0, 0
3358, 11, 627, 635, 49, 0, 18.40%, 0, 0, 14, 350.85, 1191554, 1148, 0, 0
3363, 11, 383, 635, 48, 0, 18.40%, 0, 0, 14, 357.29, 1193375, 1148, 0, 0
3368, 11, 604, 635, 48, 0, 18.40%, 0, 0, 14, 368.10, 1195259, 1148, 0, 0
3374, 11, 631, 635, 47, 0, 18.40%, 0, 0, 14, 370.78, 1197199, 1148, 0, 0
3379, 11, 434, 635, 47, 0, 18.40%, 0, 0, 14, 373.29, 1199100, 1148, 0, 0
3384, 11, 593, 636, 48, 0, 18.40%, 0, 0, 14, 372.45, 1201033, 1148, 0, 0
3389, 11, 539, 636, 46, 0, 18.40%, 0, 0, 14, 372.57, 1202948, 1148, 0, 0
3394, 11, 618, 636, 45, 0, 18.40%, 0, 0, 14, 371.64, 1204882, 1148, 0, 0
3399, 11, 543, 636, 43, 0, 18.40%, 0, 0, 14, 372.71, 1206781, 1148, 0, 0
3404, 11, 313, 637, 43, 0, 18.40%, 0, 0, 14, 372.57, 1208711, 1148, 0, 0
3411, 11, 602, 639, 44, 0, 18.40%, 0, 0, 14, 370.56, 1210968, 1148, 0, 0
3416, 11, 633, 639, 43, 0, 18.40%, 0, 0, 14, 369.34, 1212895, 1148, 0, 0
3421, 11, 633, 644, 48, 0, 18.40%, 0, 0, 14, 357.78, 1214723, 1148, 0, 0
3426, 11, 633, 647, 51, 0, 18.42%, 0, 0, 14, 355.94, 1216564, 1149, 0, 0
3431, 11, 633, 648, 52, 0, 18.42%, 0, 0, 14, 354.54, 1218391, 1149, 0, 0
3437, 11, 633, 650, 54, 0, 18.42%, 0, 0, 14, 354.89, 1220239, 1149, 0, 0
3442, 11, 633, 651, 55, 0, 18.42%, 0, 0, 14, 354.76, 1222073, 1149, 0, 0
3447, 11, 645, 651, 54, 1, 18.42%, 0, 0, 14, 357.80, 1223931, 1149, 0, 0
3452, 11, 524, 651, 53, 0, 18.42%, 0, 0, 14, 362.26, 1225812, 1149, 0, 0
3457, 11, 645, 652, 52, 0, 18.42%, 0, 0, 14, 360.65, 1227636, 1149, 0, 0
3462, 11, 114, 652, 50, 0, 18.42%, 0, 0, 14, 367.59, 1229484, 1149, 0, 0
3467, 11, 641, 652, 48, 0, 18.42%, 0, 0, 14, 367.50, 1231399, 1149, 0, 0
3473, 11, 390, 652, 47, 0, 18.42%, 0, 0, 14, 367.03, 1233285, 1149, 0, 0
3478, 11, 416, 652, 47, 0, 18.42%, 0, 0, 14, 371.45, 1235208, 1149, 0, 0
3483, 11, 374, 652, 47, 0, 18.42%, 0, 0, 14, 370.12, 1237068, 1149, 0, 0
3489, 11, 639, 652, 46, 0, 18.42%, 0, 0, 14, 367.66, 1239367, 1149, 0, 0
3494, 11, 577, 652, 44, 0, 18.42%, 0, 0, 14, 367.39, 1241259, 1149, 0, 0
3499, 11, 644, 652, 42, 0, 18.42%, 0, 0, 14, 367.21, 1243101, 1149, 0, 0
3504, 11, 644, 656, 46, 0, 18.42%, 0, 0, 14, 362.37, 1244950, 1149, 0, 0
3509, 11, 644, 656, 46, 0, 18.42%, 0, 0, 14, 360.92, 1246791, 1149, 0, 0
3514, 11, 612, 656, 45, 0, 18.42%, 0, 0, 14, 364.16, 1248622, 1149, 0, 0
3520, 11, 145, 656, 45, 0, 18.42%, 0, 0, 14, 368.02, 1250561, 1149, 0, 0
3525, 11, 534, 656, 45, 0, 18.42%, 0, 0, 14, 372.85, 1252507, 1149, 0, 0
3530, 11, 538, 657, 46, 0, 18.42%, 0, 0, 14, 368.87, 1254484, 1149, 0, 0
3535, 11, 434, 658, 47, 0, 18.42%, 0, 0, 14, 370.48, 1256411, 1149, 0, 0
3540, 11, 626, 659, 47, 0, 18.43%, 0, 0, 14, 368.64, 1258259, 1150, 0, 0
3546, 11, 605, 659, 44, 0, 18.43%, 0, 0, 14, 369.99, 1260173, 1150, 0, 0
3551, 11, 317, 659, 44, 0, 18.43%, 0, 0, 14, 371.34, 1262045, 1150, 0, 0
3556, 11, 658, 660, 42, 0, 18.45%, 0, 0, 14, 370.71, 1263944, 1151, 0, 0
3562, 11, 648, 661, 43, 0, 18.45%, 0, 0, 14, 370.12, 1266366, 1151, 0, 0
3568, 11, 648, 665, 47, 0, 18.45%, 0, 0, 14, 359.29, 1268207, 1151, 0, 0
3573, 11, 648, 668, 50, 0, 18.45%, 0, 0, 14, 356.25, 1270041, 1151, 0, 0
3578, 11, 648, 669, 51, 0, 18.45%, 0, 0, 14, 356.03, 1271875, 1151, 0, 0
3583, 11, 648, 669, 51, 0, 18.45%, 0, 0, 14, 356.01, 1273702, 1151, 0, 0
3588, 11, 648, 670, 52, 0, 18.45%, 0, 0, 14, 356.07, 1275536, 1151, 0, 0
3593, 11, 465, 670, 51, 0, 18.45%, 0, 0, 14, 364.15, 1277414, 1151, 0, 0
3598, 11, 669, 671, 51, 0, 18.45%, 0, 0, 14, 368.44, 1279342, 1151, 0, 0
3605, 11, 669, 671, 51, 0, 18.45%, 0, 0, 14, 360.94, 1281681, 1151, 0, 0
3610, 11, 452, 672, 51, 0, 18.45%, 0, 0, 14, 360.24, 1283470, 1151, 0, 0
3615, 11, 587, 672, 50, 0, 18.45%, 0, 0, 14, 365.48, 1285334, 1151, 0, 0
3620, 11, 404, 672, 48, 0, 18.45%, 0, 0, 14, 367.76, 1287200, 1151, 0, 0
3626, 11, 642, 672, 48, 0, 18.45%, 0, 0, 14, 367.29, 1289329, 1151, 0, 0
3631, 11, 652, 672, 46, 0, 18.45%, 0, 0, 14, 365.25, 1291172, 1151, 0, 0
3636, 11, 666, 672, 45, 0, 18.45%, 0, 0, 14, 367.43, 1293031, 1151, 0, 0
3642, 11, 623, 672, 44, 0, 18.45%, 0, 0, 14, 369.01, 1295106, 1151, 0, 0
3647, 11, 577, 672, 43, 0, 18.45%, 0, 0, 14, 371.90, 1296969, 1151, 0, 0
3652, 11, 577, 672, 42, 0, 18.45%, 0, 0, 14, 370.92, 1298825, 1151, 0, 0
3657, 11, 671, 672, 42, 0, 18.45%, 0, 0, 14, 370.44, 1300678, 1151, 0, 0
3662, 11, 637, 672, 41, 0, 18.45%, 0, 0, 14, 367.98, 1302762, 1151, 0, 0
3667, 11, 619, 672, 40, 0, 18.45%, 0, 0, 14, 368.74, 1304618, 1151, 0, 0
3673, 11, 667, 673, 39, 0, 18.45%, 0, 0, 14, 367.54, 1306491, 1151, 0, 0
3678, 11, 577, 674, 39, 0, 18.45%, 0, 0, 14, 362.41, 1308308, 1151, 0, 0
3683, 11, 99, 674, 39, 0, 18.45%, 0, 0, 14, 365.38, 1310133, 1151, 0, 0
3688, 11, 630, 674, 37, 0, 18.45%, 0, 0, 14, 370.02, 1312004, 1151, 0, 0
3693, 11, 160, 674, 36, 0, 18.45%, 0, 0, 14, 370.15, 1313869, 1151, 0, 0
3698, 11, 104, 675, 36, 0, 18.45%, 0, 0, 14, 364.33, 1315712, 1151, 0, 0
3704, 11, 665, 676, 37, 0, 18.45%, 0, 0, 14, 366.17, 1317870, 1151, 0, 0
3709, 11, 605, 677, 37, 0, 18.45%, 0, 0, 14, 366.82, 1319710, 1151, 0, 0
3714, 11, 643, 677, 36, 0, 18.45%, 0, 0, 14, 369.74, 1321584, 1151, 0, 0
3719, 11, 510, 678, 35, 0, 18.45%, 0, 0, 14, 369.58, 1323444, 1151, 0, 0
3724, 11, 668, 678, 35, 0, 18.45%, 0, 0, 14, 366.69, 1325312, 1151, 0, 0
3729, 12, 176, 678, 34, 0, 18.45%, 0, 0, 14, 366.17, 1327166, 1151, 0, 0
3734, 12, 164, 678, 34, 0, 18.45%, 0, 0, 14, 370.21, 1329026, 1151, 0, 0
3739, 12, 505, 678, 33, 0, 18.45%, 0, 0, 14, 369.38, 1330952, 1151, 0, 0
3744, 12, 436, 678, 33, 0, 18.45%, 0, 0, 14, 367.74, 1332767, 1151, 0, 0
3749, 12, 441, 678, 32, 0, 18.45%, 0, 0, 14, 368.13, 1334620, 1151, 0, 0
3754, 12, 542, 678, 32, 0, 18.45%, 0, 0, 14, 369.53, 1336482, 1151, 0, 0
3760, 12, 625, 679, 33, 0, 18.45%, 0, 0, 14, 365.75, 1338361, 1151, 0, 0
3765, 12, 588, 679, 32, 0, 18.45%, 0, 0, 14, 362.30, 1340184, 1151, 0, 0
3770, 12, 437, 679, 31, 0, 18.45%, 0, 0, 14, 369.09, 1342090, 1151, 0, 0
3775, 12, 443, 679, 31, 0, 18.45%, 0, 0, 14, 368.24, 1343937, 1151, 0, 0
3780, 12, 117, 679, 31, 0, 18.45%, 0, 0, 14, 373.04, 1345869, 1151, 0, 0
3785, 12, 613, 679, 31, 0, 18.45%, 0, 0, 14, 368.48, 1347761, 1151, 0, 0
3790, 12, 627, 679, 31, 0, 18.45%, 0, 0, 14, 371.31, 1349617, 1151, 0, 0
3795, 12, 435, 679, 31, 0, 18.45%, 0, 0, 14, 369.86, 1351517, 1151, 0, 0
3800, 12, 560, 679, 30, 0, 18.45%, 0, 0, 14, 369.03, 1353366, 1151, 0, 0
3805, 12, 613, 679, 30, 0, 18.45%, 0, 0, 14, 370.16, 1355207, 1151, 0, 0
3812, 12, 561, 679, 30, 0, 18.45%, 0, 0, 14, 372.95, 1357707, 1151, 0, 0
3817, 12, 406, 679, 29, 0, 18.45%, 0, 0, 14, 366.17, 1359563, 1151, 0, 0
3822, 12, 672, 683, 33, 0, 18.45%, 0, 0, 14, 360.35, 1361397, 1151, 0, 0
3827, 12, 672, 684, 34, 0, 18.45%, 0, 0, 14, 355.52, 1363231, 1151, 0, 0
3833, 12, 672, 685, 35, 0, 18.45%, 0, 0, 14, 354.39, 1365065, 1151, 0, 0
3838, 12, 672, 685, 35, 0, 18.45%, 0, 0, 14, 354.60, 1366906, 1151, 0, 0
3843, 12, 672, 685, 35, 0, 18.45%, 0, 0, 14, 353.60, 1368726, 1151, 0, 0
3848, 12, 199, 685, 34, 0, 18.45%, 0, 0, 14, 355.45, 1370542, 1151, 0, 0
3854, 12, 388, 685, 34, 0, 18.45%, 0, 0, 14, 367.22, 1372704, 1151, 0, 0
3859, 12, 415, 685, 34, 0, 18.45%, 0, 0, 14, 367.37, 1374541, 1151, 0, 0
3864, 12, 675, 685, 34, 0, 18.45%, 0, 0, 14, 368.45, 1376393, 1151, 0, 0
3869, 12, 537, 685, 33, 0, 18.45%, 0, 0, 14, 371.16, 1378257, 1151, 0, 0
3874, 12, 590, 685, 33, 0, 18.45%, 0, 0, 14, 373.32, 1380296, 1151, 0, 0
3879, 12, 684, 685, 33, 0, 18.45%, 0, 0, 14, 362.96, 1382134, 1151, 0, 0
3885, 12, 681, 685, 32, 0, 18.45%, 0, 0, 14, 364.30, 1384148, 1151, 0, 0
3890, 12, 542, 685, 31, 0, 18.45%, 0, 0, 14, 363.65, 1385976, 1151, 0, 0
3895, 12, 645, 685, 30, 0, 18.45%, 0, 0, 14, 364.48, 1387818, 1151, 0, 0
3900, 12, 540, 686, 30, 0, 18.45%, 0, 0, 14, 366.35, 1389646, 1151, 0, 0
3907, 12, 555, 686, 30, 0, 18.45%, 0, 0, 14, 351.26, 1392003, 1151, 0, 0
3912, 12, 682, 686, 28, 0, 18.45%, 0, 0, 14, 361.05, 1393841, 1151, 0, 0
3917, 12, 647, 688, 29, 0, 18.45%, 0, 0, 14, 360.22, 1395679, 1151, 0, 0
3922, 12, 685, 688, 27, 0, 18.45%, 0, 0, 14, 359.79, 1397507, 1151, 0, 0
3927, 12, 142, 688, 27, 0, 18.45%, 0, 0, 14, 360.89, 1399375, 1151, 0, 0
3932, 12, 647, 688, 27, 0, 18.45%, 0, 0, 14, 357.80, 1401187, 1151, 0, 0
3937, 12, 218, 688, 26, 0, 18.45%, 0, 0, 14, 363.36, 1403017, 1151, 0, 0
3944, 12, 559, 689, 27, 0, 18.45%, 0, 0, 14, 372.67, 1405486, 1151, 0, 0
3949, 12, 313, 689, 26, 0, 18.45%, 0, 0, 14, 367.73, 1407391, 1151, 0, 0
3954, 12, 583, 689, 26, 0, 18.45%, 0, 0, 14, 364.58, 1409291, 1151, 0, 0
3959, 12, 677, 689, 25, 0, 18.45%, 0, 0, 14, 370.21, 1411226, 1151, 0, 0
3964, 12, 635, 689, 25, 0, 18.45%, 0, 0, 14, 368.88, 1413083, 1151, 0, 0
3970, 12, 655, 690, 24, 0, 18.45%, 0, 0, 14, 364.09, 1414983, 1151, 0, 0
3975, 12, 109, 690, 23, 0, 18.45%, 0, 0, 14, 365.72, 1416837, 1151, 0, 0
3980, 12, 658, 690, 22, 0, 18.45%, 0, 0, 14, 368.93, 1418684, 1151, 0, 0
3985, 12, 653, 690, 22, 0, 18.45%, 0, 0, 14, 369.79, 1420613, 1151, 0, 0
3990, 12, 595, 690, 21, 0, 18.45%, 0, 0, 14, 372.51, 1422479, 1151, 0, 0
3995, 12, 539, 690, 21, 0, 18.45%, 0, 0, 14, 366.86, 1424367, 1151, 0, 0
4000, 12, 548, 690, 21, 0, 18.45%, 0, 0, 14, 369.29, 1426227, 1151, 0, 0
4005, 12, 473, 690, 21, 0, 18.45%, 0, 0, 14, 372.89, 1428102, 1151, 0, 0
4010, 12, 282, 690, 20, 0, 18.45%, 0, 0, 14, 368.89, 1429953, 1151, 0, 0
4016, 12, 661, 690, 20, 0, 18.45%, 0, 0, 14, 367.77, 1432098, 1151, 0, 0
4021, 12, 586, 690, 19, 0, 18.45%, 0, 0, 14, 369.75, 1433958, 1151, 0, 0
4026, 12, 321, 690, 17, 0, 18.45%, 0, 0, 14, 368.53, 1435801, 1151, 0, 0
4031, 12, 685, 690, 17, 0, 18.45%, 0, 0, 14, 366.87, 1437636, 1151, 0, 0
4036, 12, 585, 690, 17, 0, 18.45%, 0, 0, 14, 369.21, 1439511, 1151, 0, 0
4042, 12, 619, 690, 17, 0, 18.45%, 0, 0, 14, 371.31, 1441451, 1151, 0, 0
4047, 12, 305, 690, 17, 0, 18.45%, 0, 0, 14, 374.02, 1443324, 1151, 0, 0
4052, 12, 662, 690, 17, 0, 18.45%, 0, 0, 14, 372.67, 1445191, 1151, 0, 0
4057, 12, 197, 690, 16, 0, 18.45%, 0, 0, 14, 364.46, 1446992, 1151, 0, 0
4062, 12, 263, 690, 15, 0, 18.45%, 0, 0, 14, 367.18, 1448848, 1151, 0, 0
4067, 12, 32, 690, 15, 0, 18.45%, 0, 0, 14, 368.53, 1450760, 1151, 0, 0
4073, 12, 325, 690, 15, 0, 18.45%, 0, 0, 14, 368.55, 1453026, 1151, 0, 0
4078, 12, 590, 690, 15, 0, 18.45%, 0, 0, 14, 372.51, 1454964, 1151, 0, 0
4083, 12, 118, 690, 15, 0, 18.45%, 0, 0, 14, 370.54, 1456828, 1151, 0, 0
4088, 12, 541, 690, 15, 0, 18.45%, 0, 0, 14, 372.91, 1458697, 1151, 0, 0
4093, 12, 537, 690, 15, 0, 18.45%, 0, 0, 14, 372.61, 1460582, 1151, 0, 0
4098, 12, 649, 695, 20, 0, 18.45%, 0, 0, 14, 360.04, 1462416, 1151, 0, 0
4104, 12, 649, 695, 20, 0, 18.45%, 0, 0, 14, 356.34, 1464257, 1151, 0, 0
4109, 12, 649, 695, 20, 0, 18.45%, 0, 0, 14, 354.76, 1466098, 1151, 0, 0
4114, 12, 649, 695, 20, 0, 18.45%, 0, 0, 14, 354.23, 1467911, 1151, 0, 0
4119, 12, 649, 695, 20, 0, 18.45%, 0, 0, 14, 353.12, 1469724, 1151, 0, 0
4125, 12, 627, 695, 19, 0, 18.45%, 0, 0, 14, 358.52, 1471783, 1151, 0, 0
4130, 12, 437, 695, 19, 0, 18.45%, 0, 0, 14, 369.61, 1473650, 1151, 0, 0
4135, 12, 690, 695, 19, 0, 18.45%, 0, 0, 14, 360.28, 1475488, 1151, 0, 0
4140, 12, 401, 695, 17, 0, 18.45%, 0, 0, 14, 365.39, 1477387, 1151, 0, 0
4145, 12, 692, 695, 17, 0, 18.45%, 0, 0, 14, 363.45, 1479238, 1151, 0, 0
4150, 12, 258, 695, 16, 0, 18.45%, 0, 0, 14, 366.81, 1481097, 1151, 0, 0
4155, 12, 118, 695, 15, 0, 18.45%, 0, 0, 14, 363.89, 1482966, 1151, 0, 0
4160, 12, 563, 695, 15, 0, 18.45%, 0, 0, 14, 370.54, 1484848, 1151, 0, 0
4165, 13, 169, 695, 14, 0, 18.45%, 0, 0, 14, 368.73, 1486721, 1151, 0, 0
4170, 13, 663, 695, 14, 0, 18.45%, 0, 0, 14, 366.99, 1488573, 1151, 0, 0
4175, 13, 473, 695, 13, 0, 18.45%, 0, 0, 14, 368.26, 1490416, 1151, 0, 0
4181, 13, 135, 695, 13, 0, 18.45%, 0, 0, 14, 368.89, 1492268, 1151, 0, 0
4186, 13, 534, 695, 13, 0, 18.45%, 0, 0, 14, 367.64, 1494118, 1151, 0, 0
4191, 13, 635, 695, 13, 0, 18.45%, 0, 0, 14, 370.86, 1495996, 1151, 0, 0
4197, 13, 693, 695, 13, 0, 18.45%, 0, 0, 14, 369.37, 1498282, 1151, 0, 0
4202, 13, 59, 695, 12, 0, 18.45%, 0, 0, 14, 367.57, 1500114, 1151, 0, 0
4207, 13, 620, 695, 11, 0, 18.45%, 0, 0, 14, 365.82, 1501990, 1151, 0, 0
4212, 13, 694, 695, 11, 0, 18.45%, 0, 0, 14, 369.93, 1503849, 1151, 0, 0
4218, 13, 656, 695, 10, 0, 18.45%, 0, 0, 14, 368.35, 1505966, 1151, 0, 0
4223, 13, 410, 695, 10, 0, 18.45%, 0, 0, 14, 370.76, 1507829, 1151, 0, 0
4228, 13, 298, 696, 11, 0, 18.45%, 0, 0, 14, 370.87, 1509747, 1151, 0, 0
4233, 13, 563, 696, 11, 0, 18.45%, 0, 0, 14, 369.51, 1511612, 1151, 0, 0
4238, 13, 484, 696, 11, 0, 18.45%, 0, 0, 14, 367.38, 1513443, 1151, 0, 0
4243, 13, 658, 696, 11, 0, 18.45%, 0, 0, 14, 370.09, 1515351, 1151, 0, 0
4248, 13, 167, 696, 10, 0, 18.45%, 0, 0, 14, 368.23, 1517194, 1151, 0, 0
4253, 13, 627, 696, 10, 0, 18.45%, 0, 0, 14, 372.23, 1519129, 1151, 0, 0
4259, 13, 690, 696, 10, 0, 18.45%, 0, 0, 14, 371.40, 1521202, 1151, 0, 0
4264, 13, 415, 696, 10, 0, 18.45%, 0, 0, 14, 372.31, 1523072, 1151, 0, 0
4269, 13, 592, 696, 10, 0, 18.45%, 0, 0, 14, 372.03, 1525014, 1151, 0, 0
4274, 13, 619, 696, 10, 0, 18.45%, 0, 0, 14, 371.69, 1526884, 1151, 0, 0
4279, 13, 617, 696, 10, 0, 18.45%, 0, 0, 14, 372.98, 1528788, 1151, 0, 0
4285, 13, 434, 696, 10, 0, 18.45%, 0, 0, 14, 368.99, 1530705, 1151, 0, 0
4291, 13, 253, 696, 10, 0, 18.45%, 0, 0, 14, 368.98, 1532807, 1151, 0, 0
4296, 13, 305, 696, 10, 0, 18.45%, 0, 0, 14, 371.39, 1534671, 1151, 0, 0
4301, 13, 461, 696, 10, 0, 18.45%, 0, 0, 14, 373.49, 1536543, 1151, 0, 0
4306, 13, 659, 696, 10, 0, 18.45%, 0, 0, 14, 367.25, 1538410, 1151, 0, 0
4311, 13, 695, 696, 10, 0, 18.45%, 0, 0, 14, 367.89, 1540326, 1151, 0, 0
4316, 13, 298, 697, 10, 0, 18.45%, 0, 0, 14, 369.46, 1542223, 1151, 0, 0
4321, 13, 595, 697, 10, 0, 18.45%, 0, 0, 14, 369.97, 1544079, 1151, 0, 0
4326, 13, 540, 697, 10, 0, 18.45%, 0, 0, 14, 366.51, 1545919, 1151, 0, 0
4331, 13, 659, 698, 11, 0, 18.45%, 0, 0, 14, 368.78, 1547797, 1151, 0, 0
4336, 13, 697, 698, 10, 0, 18.45%, 0, 0, 14, 370.89, 1549730, 1151, 0, 0
4341, 13, 312, 698, 9, 0, 18.45%, 0, 0, 14, 368.92, 1551581, 1151, 0, 0
4346, 13, 108, 698, 9, 0, 18.45%, 0, 0, 14, 369.19, 1553448, 1151, 0, 0
4352, 13, 696, 699, 10, 0, 18.45%, 0, 0, 14, 370.96, 1555341, 1151, 0, 0
4357, 13, 627, 699, 9, 0, 18.45%, 0, 0, 14, 368.23, 1557250, 1151, 0, 0
4362, 13, 80, 699, 9, 0, 18.45%, 0, 0, 14, 365.90, 1559148, 1151, 0, 0
4367, 13, 613, 699, 9, 0, 18.45%, 0, 0, 14, 371.02, 1561014, 1151, 0, 0
4372, 13, 485, 699, 9, 0, 18.45%, 0, 0, 14, 371.02, 1562957, 1151, 0, 0
4377, 13, 376, 699, 9, 0, 18.45%, 0, 0, 14, 372.51, 1564828, 1151, 0, 0
4382, 13, 175, 699, 9, 0, 18.45%, 0, 0, 14, 372.43, 1566704, 1151, 0, 0
4387, 13, 620, 699, 9, 0, 18.45%, 0, 0, 14, 369.74, 1568544, 1151, 0, 0
4394, 13, 685, 699, 9, 0, 18.45%, 0, 0, 14, 369.04, 1571052, 1151, 0, 0
4399, 13, 444, 699, 9, 0, 18.45%, 0, 0, 14, 367.75, 1572896, 1151, 0, 0
4404, 13, 321, 699, 9, 0, 18.45%, 0, 0, 14, 373.45, 1574783, 1151, 0, 0
4409, 13, 627, 699, 9, 0, 18.45%, 0, 0, 14, 371.06, 1576628, 1151, 0, 0
4414, 13, 542, 699, 9, 0, 18.45%, 0, 0, 14, 369.76, 1578482, 1151, 0, 0
4419, 13, 74, 699, 9, 0, 18.45%, 0, 0, 14, 364.97, 1580248, 1151, 0, 0
4424, 13, 164, 699, 9, 0, 18.45%, 0, 0, 14, 370.25, 1582115, 1151, 0, 0
4431, 13, 205, 700, 10, 0, 18.45%, 0, 0, 14, 371.45, 1584565, 1151, 0, 0
4436, 13, 498, 700, 10, 0, 18.45%, 0, 0, 14, 367.38, 1586472, 1151, 0, 0
4441, 13, 56, 700, 10, 0, 18.45%, 0, 0, 14, 371.02, 1588336, 1151, 0, 0
4446, 13, 698, 700, 10, 0, 18.45%, 0, 0, 14, 370.32, 1590202, 1151, 0, 0
4452, 13, 381, 700, 9, 0, 18.45%, 0, 0, 14, 372.61, 1592329, 1151, 0, 0
4457, 13, 133, 700, 9, 0, 18.45%, 0, 0, 14, 371.09, 1594185, 1151, 0, 0
4462, 13, 170, 701, 9, 0, 18.48%, 0, 0, 14, 371.45, 1596042, 1153, 0, 0
4467, 13, 605, 701, 9, 0, 18.48%, 0, 0, 14, 372.18, 1597896, 1153, 0, 0
4472, 13, 618, 701, 9, 0, 18.48%, 0, 0, 14, 368.05, 1599890, 1153, 0, 0
4477, 13, 505, 701, 9, 0, 18.48%, 0, 0, 14, 368.72, 1601732, 1153, 0, 0
4482, 13, 452, 702, 10, 0, 18.48%, 0, 0, 14, 370.98, 1603594, 1153, 0, 0
4487, 13, 543, 702, 10, 0, 18.48%, 0, 0, 14, 372.21, 1605474, 1153, 0, 0
4492, 13, 659, 702, 10, 0, 18.48%, 0, 0, 14, 370.01, 1607336, 1153, 0, 0
4497, 13, 136, 702, 10, 0, 18.48%, 0, 0, 14, 367.78, 1609179, 1153, 0, 0
4502, 14, 700, 702, 9, 0, 18.48%, 0, 0, 14, 368.22, 1611050, 1153, 0, 0
4508, 14, 563, 702, 9, 0, 18.48%, 0, 0, 14, 369.23, 1612945, 1153, 0, 0
4514, 14, 646, 702, 9, 0, 18.48%, 0, 0, 14, 370.65, 1615300, 1153, 0, 0
4519, 14, 635, 702, 9, 0, 18.48%, 0, 0, 14, 372.56, 1617240, 1153, 0, 0
4524, 14, 590, 702, 9, 0, 18.48%, 0, 0, 14, 367.73, 1619144, 1153, 0, 0
4530, 14, 659, 702, 8, 0, 18.48%, 0, 0, 14, 369.01, 1621173, 1153, 0, 0
4535, 14, 540, 704, 9, 0, 18.48%, 0, 0, 14, 370.51, 1623101, 1153, 0, 0
4540, 14, 258, 704, 9, 0, 18.48%, 0, 0, 14, 371.51, 1625023, 1153, 0, 0
4545, 14, 704, 705, 10, 1, 18.48%, 0, 0, 14, 330.24, 1626685, 1153, 0, 0
4551, 14, 704, 705, 10, 1, 18.48%, 0, 0, 14, 316.58, 1628498, 1153, 0, 0
4556, 14, 704, 709, 14, 1, 18.48%, 0, 0, 14, 313.32, 1630083, 1153, 0, 0
4561, 14, 704, 709, 14, 1, 18.48%, 0, 0, 14, 311.57, 1631667, 1153, 0, 0
4566, 14, 704, 709, 14, 1, 18.48%, 0, 0, 14, 310.13, 1633245, 1153, 0, 0
4571, 14, 704, 709, 14, 1, 18.48%, 0, 0, 14, 309.03, 1634823, 1153, 0, 0
4576, 14, 704, 709, 14, 1, 18.48%, 0, 0, 14, 308.16, 1636395, 1153, 0, 0
4581, 14, 708, 709, 13, 1, 18.48%, 0, 0, 14, 304.83, 1637942, 1153, 0, 0
4588, 14, 708, 709, 13, 1, 18.48%, 0, 0, 14, 308.67, 1640141, 1153, 0, 0
4594, 14, 612, 710, 13, 0, 18.48%, 0, 0, 14, 352.63, 1642012, 1153, 0, 0
4599, 14, 264, 710, 13, 0, 18.48%, 0, 0, 14, 359.45, 1643932, 1153, 0, 0
4604, 14, 434, 710, 13, 0, 18.48%, 0, 0, 14, 368.84, 1645789, 1153, 0, 0
4609, 14, 278, 710, 13, 0, 18.48%, 0, 0, 14, 370.44, 1647649, 1153, 0, 0
4614, 14, 560, 710, 13, 0, 18.48%, 0, 0, 14, 372.22, 1649510, 1153, 0, 0
4619, 14, 130, 710, 13, 0, 18.48%, 0, 0, 14, 370.85, 1651374, 1153, 0, 0
4624, 14, 509, 710, 13, 0, 18.48%, 0, 0, 14, 371.15, 1653245, 1153, 0, 0
4629, 14, 605, 710, 13, 0, 18.48%, 0, 0, 14, 370.99, 1655118, 1153, 0, 0
4634, 14, 376, 710, 13, 0, 18.48%, 0, 0, 14, 370.61, 1657046, 1153, 0, 0
4641, 14, 652, 710, 13, 0, 18.48%, 0, 0, 14, 372.59, 1659651, 1153, 0, 0
4647, 14, 563, 710, 13, 0, 18.48%, 0, 0, 14, 371.09, 1661572, 1153, 0, 0
4652, 14, 659, 711, 13, 0, 18.48%, 0, 0, 14, 369.68, 1663496, 1153, 0, 0
4657, 14, 447, 711, 12, 0, 18.48%, 0, 0, 14, 365.65, 1665334, 1153, 0, 0
4662, 14, 437, 711, 12, 0, 18.48%, 0, 0, 14, 371.93, 1667204, 1153, 0, 0
4667, 14, 164, 711, 12, 0, 18.48%, 0, 0, 14, 370.80, 1669058, 1153, 0, 0
4672, 14, 594, 711, 12, 0, 18.48%, 0, 0, 14, 373.01, 1670928, 1153, 0, 0
4677, 14, 543, 711, 12, 0, 18.48%, 0, 0, 14, 373.26, 1672804, 1153, 0, 0
4682, 14, 610, 711, 12, 0, 18.48%, 0, 0, 14, 367.45, 1674650, 1153, 0, 0
4687, 14, 410, 711, 12, 0, 18.48%, 0, 0, 14, 363.16, 1676491, 1153, 0, 0
4692, 14, 107, 711, 12, 0, 18.48%, 0, 0, 14, 373.05, 1678444, 1153, 0, 0
4697, 14, 370, 711, 12, 0, 18.48%, 0, 0, 14, 371.37, 1680326, 1153, 0, 0
4702, 14, 617, 712, 13, 0, 18.48%, 0, 0, 14, 371.40, 1682242, 1153, 0, 0
4707, 14, 465, 712, 13, 0, 18.48%, 0, 0, 14, 367.81, 1684089, 1153, 0, 0
4713, 14, 319, 712, 13, 0, 18.48%, 0, 0, 14, 362.73, 1685870, 1153, 0, 0
4718, 14, 381, 712, 13, 0, 18.48%, 0, 0, 14, 362.47, 1687709, 1153, 0, 0
4723, 14, 615, 712, 13, 0, 18.48%, 0, 0, 14, 367.94, 1689634, 1153, 0, 0
4728, 14, 473, 712, 13, 0, 18.48%, 0, 0, 14, 371.54, 1691513, 1153, 0, 0
4733, 14, 674, 712, 12, 0, 18.48%, 0, 0, 14, 369.53, 1693364, 1153, 0, 0
4739, 14, 425, 712, 12, 0, 18.48%, 0, 0, 14, 371.07, 1695514, 1153, 0, 0
4744, 14, 125, 712, 12, 0, 18.48%, 0, 0, 14, 370.98, 1697421, 1153, 0, 0
4749, 14, 443, 712, 12, 0, 18.48%, 0, 0, 14, 371.33, 1699296, 1153, 0, 0
4754, 14, 404, 712, 12, 0, 18.48%, 0, 0, 14, 371.79, 1701165, 1153, 0, 0
4759, 14, 563, 712, 12, 0, 18.48%, 0, 0, 14, 369.30, 1703047, 1153, 0, 0
4764, 14, 705, 712, 12, 0, 18.48%, 0, 0, 14, 352.18, 1704841, 1153, 0, 0
4769, 14, 295, 712, 11, 0, 18.48%, 0, 0, 14, 350.41, 1706561, 1153, 0, 0
4775, 14, 711, 713, 12, 0, 18.48%, 0, 0, 14, 363.58, 1708588, 1153, 0, 0
4780, 14, 635, 714, 12, 0, 18.48%, 0, 0, 14, 368.11, 1710437, 1153, 0, 0
4785, 14, 537, 714, 11, 0, 18.48%, 0, 0, 14, 372.01, 1712371, 1153, 0, 0
4790, 14, 709, 714, 11, 0, 18.48%, 0, 0, 14, 351.36, 1714152, 1153, 0, 0
4796, 14, 239, 714, 10, 0, 18.48%, 0, 0, 14, 355.26, 1716275, 1153, 0, 0
4801, 14, 316, 714, 10, 0, 18.48%, 0, 0, 14, 367.46, 1718131, 1153, 0, 0
4806, 14, 659, 714, 10, 0, 18.48%, 0, 0, 14, 371.12, 1719992, 1153, 0, 0
4811, 14, 448, 714, 10, 0, 18.48%, 0, 0, 14, 366.50, 1721835, 1153, 0, 0
4816, 14, 121, 714, 10, 0, 18.48%, 0, 0, 14, 371.02, 1723710, 1153, 0, 0
4821, 14, 82, 715, 11, 0, 18.48%, 0, 0, 14, 368.31, 1725565, 1153, 0, 0
4826, 14, 127, 715, 10, 0, 18.48%, 0, 0, 14, 370.10, 1727446, 1153, 0, 0
4831, 14, 540, 715, 10, 0, 18.48%, 0, 0, 14, 369.31, 1729296, 1153, 0, 0
4836, 14, 125, 715, 10, 0, 18.48%, 0, 0, 14, 367.54, 1731134, 1153, 0, 0
4841, 14, 498, 715, 10, 0, 18.48%, 0, 0, 14, 370.30, 1733005, 1153, 0, 0
4846, 14, 135, 715, 10, 0, 18.48%, 0, 0, 14, 371.39, 1734860, 1153, 0, 0
4852, 14, 452, 715, 10, 0, 18.48%, 0, 0, 14, 371.91, 1736788, 1153, 0, 0
4857, 14, 549, 715, 10, 0, 18.48%, 0, 0, 14, 362.26, 1738643, 1153, 0, 0
4862, 14, 485, 715, 9, 0, 18.48%, 0, 0, 14, 367.39, 1740497, 1153, 0, 0
4867, 14, 14, 715, 9, 0, 18.48%, 0, 0, 14, 369.27, 1742362, 1153, 0, 0
4872, 14, 104, 715, 9, 0, 18.48%, 0, 0, 14, 372.19, 1744294, 1153, 0, 0
4877, 15, 436, 715, 9, 0, 18.48%, 0, 0, 14, 368.31, 1746151, 1153, 0, 0
4882, 15, 585, 715, 9, 0, 18.48%, 0, 0, 14, 372.14, 1748022, 1153, 0, 0
4887, 15, 130, 715, 9, 0, 18.48%, 0, 0, 14, 373.40, 1749961, 1153, 0, 0
4893, 15, 635, 715, 9, 0, 18.48%, 0, 0, 14, 372.41, 1751893, 1153, 0, 0
4899, 15, 433, 715, 9, 0, 18.48%, 0, 0, 14, 370.75, 1754341, 1153, 0, 0
4904, 15, 444, 715, 9, 0, 18.48%, 0, 0, 14, 366.18, 1756247, 1153, 0, 0
4909, 15, 605, 717, 10, 0, 18.48%, 0, 0, 14, 369.50, 1758111, 1153, 0, 0
4915, 15, 716, 717, 10, 0, 18.48%, 0, 0, 14, 370.51, 1760014, 1153, 0, 0
4920, 15, 543, 718, 10, 0, 18.48%, 0, 0, 14, 371.67, 1761935, 1153, 0, 0
4925, 15, 473, 718, 10, 0, 18.48%, 0, 0, 14, 373.14, 1763870, 1153, 0, 0
4930, 15, 436, 718, 10, 0, 18.48%, 0, 0, 14, 375.15, 1765815, 1153, 0, 0
4935, 15, 609, 718, 10, 0, 18.48%, 0, 0, 14, 372.60, 1767677, 1153, 0, 0
4940, 15, 675, 718, 10, 0, 18.48%, 0, 0, 14, 369.00, 1769584, 1153, 0, 0
4945, 15, 539, 719, 11, 0, 18.48%, 0, 0, 14, 369.71, 1771444, 1153, 0, 0
4950, 15, 714, 720, 12, 0, 18.48%, 0, 0, 14, 374.18, 1773321, 1153, 0, 0
4956, 15, 377, 720, 11, 0, 18.48%, 0, 0, 14, 373.31, 1775251, 1153, 0, 0
4961, 15, 581, 720, 11, 0, 18.48%, 0, 0, 14, 372.19, 1777175, 1153, 0, 0
4966, 15, 620, 720, 11, 0, 18.48%, 0, 0, 14, 372.01, 1779035, 1153, 0, 0
4973, 15, 705, 720, 11, 0, 18.48%, 0, 0, 14, 371.91, 1781512, 1153, 0, 0
4978, 15, 685, 720, 11, 0, 18.48%, 0, 0, 14, 367.29, 1783335, 1153, 0, 0
4983, 15, 444, 720, 11, 0, 18.48%, 0, 0, 14, 369.06, 1785201, 1153, 0, 0
4988, 15, 308, 720, 11, 0, 18.48%, 0, 0, 14, 371.27, 1787071, 1153, 0, 0
4993, 15, 83, 720, 11, 0, 18.48%, 0, 0, 14, 372.32, 1788943, 1153, 0, 0
4998, 15, 96, 720, 11, 0, 18.48%, 0, 0, 14, 370.30, 1790821, 1153, 0, 0
5003, 15, 640, 720, 11, 0, 18.48%, 0, 0, 14, 366.56, 1792740, 1153, 0, 0
5008, 15, 475, 720, 11, 0, 18.48%, 0, 0, 14, 373.83, 1794690, 1153, 0, 0
5013, 15, 380, 720, 11, 0, 18.48%, 0, 0, 14, 371.54, 1796555, 1153, 0, 0
5020, 15, 504, 720, 11, 0, 18.48%, 0, 0, 14, 373.47, 1799119, 1153, 0, 0
5025, 15, 117, 720, 11, 0, 18.48%, 0, 0, 14, 369.12, 1801033, 1153, 0, 0
5030, 15, 563, 721, 12, 0, 18.48%, 0, 0, 14, 371.46, 1802970, 1153, 0, 0
5037, 15, 530, 721, 12, 0, 18.48%, 0, 0, 14, 371.99, 1805534, 1153, 0, 0
5042, 15, 588, 721, 12, 0, 18.48%, 0, 0, 14, 371.32, 1807400, 1153, 0, 0
5048, 15, 104, 721, 12, 0, 18.48%, 0, 0, 14, 371.74, 1809330, 1153, 0, 0
5053, 15, 685, 721, 12, 0, 18.48%, 0, 0, 14, 369.73, 1811191, 1153, 0, 0
5058, 15, 718, 721, 12, 0, 18.48%, 0, 0, 14, 373.27, 1813074, 1153, 0, 0
5063, 15, 560, 721, 11, 0, 18.48%, 0, 0, 14, 373.21, 1814941, 1153, 0, 0
5068, 15, 560, 721, 11, 0, 18.48%, 0, 0, 14, 373.20, 1816870, 1153, 0, 0
5073, 15, 715, 721, 11, 0, 18.48%, 0, 0, 14, 367.91, 1818701, 1153, 0, 0
5078, 15, 436, 721, 11, 0, 18.48%, 0, 0, 14, 371.49, 1820569, 1153, 0, 0
5083, 15, 594, 722, 12, 0, 18.48%, 0, 0, 14, 369.38, 1822395, 1153, 0, 0
5089, 15, 441, 722, 12, 0, 18.48%, 0, 0, 14, 369.28, 1824601, 1153, 0, 0
5094, 15, 571, 722, 12, 0, 18.48%, 0, 0, 14, 367.38, 1826496, 1153, 0, 0
5099, 15, 498, 722, 12, 0, 18.48%, 0, 0, 14, 368.91, 1828402, 1153, 0, 0
5104, 15, 492, 722, 12, 0, 18.48%, 0, 0, 14, 363.50, 1830216, 1153, 0, 0
5109, 15, 170, 722, 12, 0, 18.48%, 0, 0, 14, 368.94, 1832063, 1153, 0, 0
5114, 15, 722, 723, 13, 1, 18.50%, 0, 0, 14, 372.24, 1834000, 1154, 0, 0
5120, 15, 722, 730, 20, 1, 18.50%, 0, 0, 14, 372.02, 1835923, 1154, 0, 0
5125, 15, 722, 730, 20, 1, 18.50%, 0, 0, 14, 371.16, 1837841, 1154, 0, 0
5130, 15, 722, 730, 20, 1, 18.50%, 0, 0, 14, 371.33, 1839766, 1154, 0, 0
5135, 15, 722, 730, 20, 1, 18.50%, 0, 0, 14, 370.16, 1841691, 1154, 0, 0
5140, 15, 722, 730, 20, 1, 18.50%, 0, 0, 14, 371.17, 1843616, 1154, 0, 0
5146, 15, 722, 730, 20, 1, 18.50%, 0, 0, 14, 370.68, 1845541, 1154, 0, 0
5151, 15, 726, 730, 19, 1, 18.50%, 0, 0, 14, 370.17, 1847456, 1154, 0, 0
5156, 15, 595, 730, 18, 0, 18.50%, 0, 0, 14, 371.06, 1849369, 1154, 0, 0
5161, 15, 544, 730, 18, 0, 18.50%, 0, 0, 14, 371.38, 1851307, 1154, 0, 0
5168, 15, 727, 730, 18, 0, 18.50%, 0, 0, 14, 372.42, 1853982, 1154, 0, 0
5173, 15, 307, 730, 17, 0, 18.50%, 0, 0, 14, 370.89, 1855850, 1154, 0, 0
5178, 15, 321, 730, 17, 0, 18.50%, 0, 0, 14, 372.15, 1857709, 1154, 0, 0
5185, 15, 702, 730, 17, 0, 18.50%, 0, 0, 14, 368.44, 1860230, 1154, 0, 0
5190, 15, 620, 730, 17, 0, 18.50%, 0, 0, 14, 371.09, 1862161, 1154, 0, 0
5196, 15, 322, 730, 16, 0, 18.50%, 0, 0, 14, 372.00, 1864087, 1154, 0, 0
5201, 15, 60, 730, 16, 0, 18.50%, 0, 0, 14, 372.20, 1865934, 1154, 0, 0
5206, 15, 305, 730, 16, 0, 18.50%, 0, 0, 14, 372.87, 1867798, 1154, 0, 0
5211, 15, 444, 730, 15, 0, 18.50%, 0, 0, 14, 371.98, 1869656, 1154, 0, 0
5216, 15, 434, 730, 15, 0, 18.50%, 0, 0, 14, 369.82, 1871579, 1154, 0, 0
5223, 15, 725, 730, 15, 0, 18.50%, 0, 0, 14, 370.66, 1874211, 1154, 0, 0
5228, 15, 321, 730, 14, 0, 18.50%, 0, 0, 14, 367.42, 1876057, 1154, 0, 0
5233, 15, 685, 730, 14, 0, 18.50%, 0, 0, 14, 370.45, 1877997, 1154, 0, 0
5238, 15, 707, 730, 14, 0, 18.50%, 0, 0, 14, 366.01, 1879834, 1154, 0, 0
5243, 15, 707, 730, 14, 0, 18.50%, 0, 0, 14, 319.71, 1881398, 1154, 0, 0
5248, 15, 537, 730, 13, 0, 18.50%, 0, 0, 14, 334.40, 1883092, 1154, 0, 0
5253, 15, 563, 730, 13, 0, 18.50%, 0, 0, 14, 360.43, 1884939, 1154, 0, 0
5259, 15, 651, 730, 13, 0, 18.50%, 0, 0, 14, 366.80, 1887027, 1154, 0, 0
5264, 15, 509, 730, 13, 0, 18.50%, 0, 0, 14, 367.41, 1888884, 1154, 0, 0
5269, 15, 436, 730, 13, 0, 18.50%, 0, 0, 14, 371.00, 1890751, 1154, 0, 0
5274, 15, 509, 730, 13, 0, 18.50%, 0, 0, 14, 372.87, 1892625, 1154, 0, 0
5279, 15, 118, 730, 13, 0, 18.50%, 0, 0, 14, 372.26, 1894487, 1154, 0, 0
5284, 16, 166, 730, 13, 0, 18.50%, 0, 0, 14, 370.83, 1896439, 1154, 0, 0
5289, 16, 538, 730, 13, 0, 18.50%, 0, 0, 14, 371.16, 1898292, 1154, 0, 0
5295, 16, 419, 730, 13, 0, 18.50%, 0, 0, 14, 369.55, 1900208, 1154, 0, 0
5301, 16, 728, 730, 13, 0, 18.50%, 0, 0, 14, 368.59, 1902449, 1154, 0, 0
5306, 16, 729, 730, 12, 0, 18.50%, 0, 0, 14, 369.18, 1904300, 1154, 0, 0
5311, 16, 631, 730, 11, 0, 18.50%, 0, 0, 14, 368.74, 1906196, 1154, 0, 0
5316, 16, 627, 730, 11, 0, 18.50%, 0, 0, 14, 371.03, 1908069, 1154, 0, 0
5321, 16, 563, 730, 11, 0, 18.50%, 0, 0, 14, 369.47, 1909986, 1154, 0, 0
5326, 16, 594, 730, 11, 0, 18.50%, 0, 0, 14, 367.57, 1911815, 1154, 0, 0
5331, 16, 685, 730, 11, 0, 18.50%, 0, 0, 14, 364.72, 1913653, 1154, 0, 0
5336, 16, 15, 730, 11, 0, 18.50%, 0, 0, 14, 367.33, 1915499, 1154, 0, 0
5342, 16, 706, 730, 11, 0, 18.50%, 0, 0, 14, 342.42, 1917640, 1154, 0, 0
5347, 16, 659, 730, 10, 0, 18.50%, 0, 0, 14, 361.35, 1919464, 1154, 0, 0
5353, 16, 583, 730, 10, 0, 18.50%, 0, 0, 14, 366.61, 1921317, 1154, 0, 0
5358, 16, 729, 730, 10, 0, 18.50%, 0, 0, 14, 368.84, 1923167, 1154, 0, 0
5363, 16, 162, 730, 10, 0, 18.50%, 0, 0, 14, 367.54, 1925061, 1154, 0, 0
5368, 16, 489, 730, 10, 0, 18.50%, 0, 0, 14, 372.15, 1926936, 1154, 0, 0
5373, 16, 620, 730, 10, 0, 18.50%, 0, 0, 14, 371.95, 1928808, 1154, 0, 0
5378, 16, 723, 730, 10, 0, 18.50%, 0, 0, 14, 368.58, 1930676, 1154, 0, 0
5383, 16, 612, 730, 9, 0, 18.50%, 0, 0, 14, 368.75, 1932595, 1154, 0, 0
5388, 16, 619, 730, 9, 0, 18.50%, 0, 0, 14, 371.72, 1934531, 1154, 0, 0
5393, 16, 118, 730, 9, 0, 18.50%, 0, 0, 14, 371.89, 1936387, 1154, 0, 0
5399, 16, 585, 730, 8, 0, 18.50%, 0, 0, 14, 372.19, 1938318, 1154, 0, 0
5404, 16, 638, 730, 8, 0, 18.50%, 0, 0, 14, 370.01, 1940238, 1154, 0, 0
5409, 16, 652, 730, 8, 0, 18.50%, 0, 0, 14, 363.96, 1942080, 1154, 0, 0
5414, 16, 404, 730, 8, 0, 18.50%, 0, 0, 14, 371.55, 1943948, 1154, 0, 0
5419, 16, 169, 730, 8, 0, 18.50%, 0, 0, 14, 369.02, 1945861, 1154, 0, 0
5425, 16, 719, 730, 8, 0, 18.50%, 0, 0, 14, 369.22, 1948005, 1154, 0, 0
5430, 16, 74, 730, 8, 0, 18.50%, 0, 0, 14, 369.44, 1949869, 1154, 0, 0
5435, 16, 436, 730, 8, 0, 18.50%, 0, 0, 14, 370.43, 1951732, 1154, 0, 0
5441, 16, 724, 730, 8, 0, 18.50%, 0, 0, 14, 368.93, 1953880, 1154, 0, 0
5446, 16, 263, 731, 8, 0, 18.50%, 0, 0, 14, 369.90, 1955735, 1154, 0, 0
5451, 16, 376, 731, 8, 0, 18.50%, 0, 0, 14, 371.58, 1957599, 1154, 0, 0
5456, 16, 658, 731, 8, 0, 18.50%, 0, 0, 14, 368.62, 1959433, 1154, 0, 0
5461, 16, 295, 731, 8, 0, 18.50%, 0, 0, 14, 371.95, 1961315, 1154, 0, 0
5466, 16, 169, 731, 8, 0, 18.50%, 0, 0, 14, 371.16, 1963212, 1154, 0, 0
5471, 16, 191, 732, 9, 0, 18.50%, 0, 0, 14, 366.82, 1965050, 1154, 0, 0
5476, 16, 633, 732, 9, 0, 18.50%, 0, 0, 14, 366.64, 1966909, 1154, 0, 0
5481, 16, 730, 732, 9, 0, 18.50%, 0, 0, 14, 366.74, 1968752, 1154, 0, 0
5486, 16, 499, 732, 8, 0, 18.50%, 0, 0, 14, 370.11, 1970614, 1154, 0, 0
5491, 16, 540, 732, 8, 0, 18.50%, 0, 0, 14, 370.13, 1972460, 1154, 0, 0
5496, 16, 104, 732, 7, 0, 18.50%, 0, 0, 14, 366.19, 1974355, 1154, 0, 0
5501, 16, 472, 732, 7, 0, 18.50%, 0, 0, 14, 370.78, 1976297, 1154, 0, 0
5506, 16, 685, 732, 7, 0, 18.50%, 0, 0, 14, 370.55, 1978161, 1154, 0, 0
5512, 16, 732, 734, 9, 1, 18.59%, 0, 0, 14, 367.55, 1980379, 1160, 0, 0
5518, 16, 122, 735, 7, 0, 18.61%, 0, 0, 14, 372.33, 1982286, 1161, 0, 0
5523, 16, 454, 735, 6, 0, 18.61%, 0, 0, 14, 355.23, 1984053, 1161, 0, 0
5528, 16, 733, 735, 6, 0, 18.61%, 0, 0, 14, 369.22, 1985977, 1161, 0, 0
5534, 16, 735, 737, 8, 1, 18.61%, 0, 0, 14, 361.55, 1988331, 1161, 0, 0
5539, 16, 461, 737, 7, 0, 18.61%, 0, 0, 14, 367.82, 1990183, 1161, 0, 0
5544, 16, 735, 737, 7, 0, 18.61%, 0, 0, 14, 367.34, 1992050, 1161, 0, 0
5550, 16, 540, 737, 7, 0, 18.61%, 0, 0, 14, 367.00, 1993964, 1161, 0, 0
5555, 16, 458, 737, 7, 0, 18.61%, 0, 0, 14, 366.63, 1995786, 1161, 0, 0
5560, 16, 321, 737, 7, 0, 18.61%, 0, 0, 14, 367.25, 1997638, 1161, 0, 0
5565, 16, 619, 737, 7, 0, 18.61%, 0, 0, 14, 367.76, 1999480, 1161, 0, 0
5570, 16, 78, 738, 8, 0, 18.61%, 0, 0, 14, 367.39, 2001327, 1161, 0, 0
5575, 16, 107, 738, 8, 0, 18.61%, 0, 0, 14, 372.25, 2003284, 1161, 0, 0
5580, 16, 298, 738, 8, 0, 18.61%, 0, 0, 14, 369.22, 2005128, 1161, 0, 0
5585, 16, 473, 738, 8, 0, 18.61%, 0, 0, 14, 368.45, 2006977, 1161, 0, 0
5592, 16, 432, 738, 8, 0, 18.61%, 0, 0, 14, 368.61, 2009494, 1161, 0, 0
5597, 16, 617, 738, 8, 0, 18.61%, 0, 0, 14, 370.55, 2011365, 1161, 0, 0
5602, 16, 672, 738, 8, 0, 18.61%, 0, 0, 14, 368.47, 2013291, 1161, 0, 0
5607, 16, 434, 738, 8, 0, 18.61%, 0, 0, 14, 372.45, 2015160, 1161, 0, 0
5612, 16, 505, 738, 8, 0, 18.61%, 0, 0, 14, 369.26, 2017005, 1161, 0, 0
5617, 16, 58, 738, 8, 0, 18.61%, 0, 0, 14, 369.90, 2018865, 1161, 0, 0
5622, 16, 729, 738, 8, 0, 18.61%, 0, 0, 14, 371.12, 2020770, 1161, 0, 0
5627, 16, 436, 738, 8, 0, 18.61%, 0, 0, 14, 368.52, 2022626, 1161, 0, 0
5632, 16, 737, 738, 8, 0, 18.61%, 0, 0, 14, 370.83, 2024491, 1161, 0, 0
5637, 16, 726, 738, 7, 0, 18.61%, 0, 0, 14, 369.91, 2026335, 1161, 0, 0
5642, 16, 685, 738, 7, 0, 18.61%, 0, 0, 14, 368.31, 2028189, 1161, 0, 0
5647, 16, 619, 738, 7, 0, 18.61%, 0, 0, 14, 366.10, 2030025, 1161, 0, 0
5652, 17, 619, 738, 7, 0, 18.61%, 0, 0, 14, 372.24, 2031895, 1161, 0, 0
5657, 17, 537, 738, 7, 0, 18.61%, 0, 0, 14, 374.40, 2033844, 1161, 0, 0
5662, 17, 592, 738, 7, 0, 18.61%, 0, 0, 14, 373.58, 2035713, 1161, 0, 0
5667, 17, 726, 738, 7, 0, 18.61%, 0, 0, 14, 371.80, 2037577, 1161, 0, 0
5672, 17, 726, 738, 7, 0, 18.61%, 0, 0, 14, 369.69, 2039399, 1161, 0, 0
5678, 17, 288, 738, 7, 0, 18.61%, 0, 0, 14, 365.30, 2041253, 1161, 0, 0
5683, 17, 434, 738, 7, 0, 18.61%, 0, 0, 14, 368.49, 2043118, 1161, 0, 0
5688, 17, 573, 738, 7, 0, 18.61%, 0, 0, 14, 370.40, 2044984, 1161, 0, 0
5694, 17, 687, 738, 7, 0, 18.61%, 0, 0, 14, 368.46, 2047332, 1161, 0, 0
5699, 17, 83, 738, 6, 0, 18.61%, 0, 0, 14, 367.48, 2049171, 1161, 0, 0
5704, 17, 573, 738, 6, 0, 18.61%, 0, 0, 14, 365.57, 2051062, 1161, 0, 0
5709, 17, 49, 738, 6, 0, 18.61%, 0, 0, 14, 367.37, 2052989, 1161, 0, 0
5715, 17, 538, 738, 6, 0, 18.61%, 0, 0, 14, 369.89, 2054903, 1161, 0, 0
5720, 17, 473, 738, 6, 0, 18.61%, 0, 0, 14, 367.85, 2056818, 1161, 0, 0
5725, 17, 402, 738, 6, 0, 18.61%, 0, 0, 14, 369.55, 2058670, 1161, 0, 0
5730, 17, 681, 738, 6, 0, 18.61%, 0, 0, 14, 368.79, 2060513, 1161, 0, 0
5735, 17, 543, 738, 6, 0, 18.61%, 0, 0, 14, 371.62, 2062440, 1161, 0, 0
5740, 17, 217, 738, 6, 0, 18.61%, 0, 0, 14, 368.04, 2064271, 1161, 0, 0
5746, 17, 494, 738, 6, 0, 18.61%, 0, 0, 14, 366.32, 2066456, 1161, 0, 0
5751, 17, 338, 738, 6, 0, 18.61%, 0, 0, 14, 370.14, 2068361, 1161, 0, 0
5756, 17, 444, 738, 6, 0, 18.61%, 0, 0, 14, 373.50, 2070232, 1161, 0, 0
5761, 17, 627, 738, 6, 0, 18.61%, 0, 0, 14, 373.56, 2072162, 1161, 0, 0
5767, 17, 118, 738, 6, 0, 18.61%, 0, 0, 14, 374.38, 2074104, 1161, 0, 0
5772, 17, 298, 738, 6, 0, 18.61%, 0, 0, 14, 374.97, 2075993, 1161, 0, 0
5777, 17, 443, 738, 5, 0, 18.61%, 0, 0, 14, 373.49, 2077855, 1161, 0, 0
5782, 17, 603, 738, 5, 0, 18.61%, 0, 0, 14, 372.45, 2079726, 1161, 0, 0
5787, 17, 498, 740, 7, 0, 18.61%, 0, 0, 14, 373.30, 2081663, 1161, 0, 0
5792, 17, 719, 740, 7, 0, 18.61%, 0, 0, 14, 373.61, 2083579, 1161, 0, 0
5797, 17, 658, 740, 7, 0, 18.61%, 0, 0, 14, 372.54, 2085439, 1161, 0, 0
5802, 17, 112, 740, 7, 0, 18.61%, 0, 0, 14, 372.80, 2087324, 1161, 0, 0
5807, 17, 381, 740, 7, 0, 18.61%, 0, 0, 14, 370.26, 2089186, 1161, 0, 0
5812, 17, 370, 740, 7, 0, 18.61%, 0, 0, 14, 369.19, 2091036, 1161, 0, 0
5817, 17, 443, 740, 6, 0, 18.61%, 0, 0, 14, 358.07, 2092831, 1161, 0, 0
5822, 17, 461, 740, 6, 0, 18.61%, 0, 0, 14, 364.91, 2094738, 1161, 0, 0
5828, 17, 739, 740, 6, 0, 18.61%, 0, 0, 14, 369.40, 2096938, 1161, 0, 0
5833, 17, 21, 740, 5, 0, 18.61%, 0, 0, 14, 369.84, 2098866, 1161, 0, 0
5838, 17, 312, 740, 5, 0, 18.61%, 0, 0, 14, 372.87, 2100736, 1161, 0, 0
5843, 17, 573, 740, 5, 0, 18.61%, 0, 0, 14, 368.92, 2102575, 1161, 0, 0
5848, 17, 613, 740, 5, 0, 18.61%, 0, 0, 14, 371.57, 2104445, 1161, 0, 0
5854, 17, 336, 740, 5, 0, 18.61%, 0, 0, 14, 362.32, 2106584, 1161, 0, 0
5860, 17, 117, 740, 5, 0, 18.61%, 0, 0, 14, 370.65, 2108515, 1161, 0, 0
5865, 17, 129, 740, 5, 0, 18.61%, 0, 0, 14, 374.37, 2110400, 1161, 0, 0
5870, 17, 239, 740, 5, 0, 18.61%, 0, 0, 14, 370.38, 2112298, 1161, 0, 0
5875, 17, 620, 740, 5, 0, 18.61%, 0, 0, 14, 367.96, 2114146, 1161, 0, 0
5880, 17, 540, 740, 5, 0, 18.61%, 0, 0, 14, 369.92, 2116012, 1161, 0, 0
5885, 17, 473, 740, 5, 0, 18.61%, 0, 0, 14, 371.18, 2117871, 1161, 0, 0
5890, 17, 72, 740, 5, 0, 18.61%, 0, 0, 14, 372.13, 2119807, 1161, 0, 0
5895, 17, 592, 740, 5, 0, 18.61%, 0, 0, 14, 368.30, 2121693, 1161, 0, 0
5900, 17, 434, 740, 5, 0, 18.61%, 0, 0, 14, 371.69, 2123620, 1161, 0, 0
5905, 17, 576, 740, 5, 0, 18.61%, 0, 0, 14, 367.74, 2125477, 1161, 0, 0
5911, 17, 599, 740, 5, 0, 18.61%, 0, 0, 14, 371.10, 2127387, 1161, 0, 0
5916, 17, 444, 740, 5, 0, 18.61%, 0, 0, 14, 371.12, 2129243, 1161, 0, 0
5921, 17, 404, 740, 5, 0, 18.61%, 0, 0, 14, 371.86, 2131106, 1161, 0, 0
5926, 17, 613, 740, 5, 0, 18.61%, 0, 0, 14, 370.31, 2132958, 1161, 0, 0
5931, 17, 478, 740, 5, 0, 18.61%, 0, 0, 14, 367.48, 2134925, 1161, 0, 0
5936, 17, 465, 740, 5, 0, 18.61%, 0, 0, 14, 369.42, 2136783, 1161, 0, 0
5941, 17, 191, 740, 5, 0, 18.61%, 0, 0, 14, 372.43, 2138657, 1161, 0, 0
5946, 17, 376, 740, 5, 0, 18.61%, 0, 0, 14, 370.13, 2140575, 1161, 0, 0
5951, 17, 588, 740, 5, 0, 18.61%, 0, 0, 14, 371.23, 2142505, 1161, 0, 0
5956, 17, 703, 740, 5, 0, 18.61%, 0, 0, 14, 370.10, 2144360, 1161, 0, 0
5961, 17, 160, 740, 5, 0, 18.61%, 0, 0, 14, 367.30, 2146201, 1161, 0, 0
5966, 17, 733, 740, 5, 0, 18.61%, 0, 0, 14, 372.12, 2148067, 1161, 0, 0
5972, 17, 62, 740, 5, 0, 18.61%, 0, 0, 14, 371.30, 2150019, 1161, 0, 0
5977, 17, 305, 740, 5, 0, 18.61%, 0, 0, 14, 369.34, 2151936, 1161, 0, 0
5982, 17, 248, 740, 5, 0, 18.61%, 0, 0, 14, 362.47, 2153770, 1161, 0, 0
5987, 17, 46, 740, 5, 0, 18.61%, 0, 0, 14, 370.10, 2155696, 1161, 0, 0
5992, 17, 663, 740, 5, 0, 18.61%, 0, 0, 14, 367.04, 2157545, 1161, 0, 0
5999, 17, 740, 741, 6, 1, 18.62%, 0, 0, 14, 362.25, 2160024, 1162, 0, 0
6004, 18, 537, 741, 5, 0, 18.62%, 0, 0, 14, 369.36, 2161950, 1162, 0, 0
6010, 18, 327, 741, 5, 0, 18.62%, 0, 0, 14, 372.82, 2163898, 1162, 0, 0
6015, 18, 537, 741, 5, 0, 18.62%, 0, 0, 14, 373.33, 2165838, 1162, 0, 0
6022, 18, 246, 741, 5, 0, 18.62%, 0, 0, 14, 369.31, 2168372, 1162, 0, 0
6027, 18, 380, 741, 5, 0, 18.62%, 0, 0, 14, 372.11, 2170236, 1162, 0, 0
6032, 18, 153, 741, 5, 0, 18.62%, 0, 0, 14, 368.58, 2172091, 1162, 0, 0
6037, 18, 701, 741, 5, 0, 18.62%, 0, 0, 14, 362.63, 2173963, 1162, 0, 0
6042, 18, 631, 742, 6, 0, 18.62%, 0, 0, 14, 369.64, 2175827, 1162, 0, 0
6047, 18, 453, 742, 5, 0, 18.62%, 0, 0, 14, 369.05, 2177733, 1162, 0, 0
6052, 18, 404, 742, 5, 0, 18.62%, 0, 0, 14, 369.10, 2179588, 1162, 0, 0
6057, 18, 585, 742, 5, 0, 18.62%, 0, 0, 14, 370.66, 2181444, 1162, 0, 0
6062, 18, 452, 743, 5, 0, 18.66%, 0, 0, 14, 368.85, 2183340, 1164, 0, 0
6068, 18, 726, 743, 5, 0, 18.66%, 0, 0, 14, 366.92, 2185251, 1164, 0, 0
6073, 18, 560, 743, 5, 0, 18.66%, 0, 0, 14, 366.12, 2187151, 1164, 0, 0
6078, 18, 465, 743, 5, 0, 18.66%, 0, 0, 14, 371.75, 2189092, 1164, 0, 0
6083, 18, 738, 744, 6, 0, 18.66%, 0, 0, 14, 367.73, 2190938, 1164, 0, 0
6088, 18, 733, 744, 5, 0, 18.66%, 0, 0, 14, 371.95, 2192809, 1164, 0, 0
6093, 18, 91, 744, 5, 0, 18.66%, 0, 0, 14, 372.10, 2194703, 1164, 0, 0
6098, 18, 447, 744, 5, 0, 18.66%, 0, 0, 14, 368.36, 2196565, 1164, 0, 0
6103, 18, 295, 744, 5, 0, 18.66%, 0, 0, 14, 371.93, 2198504, 1164, 0, 0
6108, 18, 685, 744, 5, 0, 18.66%, 0, 0, 14, 369.67, 2200361, 1164, 0, 0
6113, 18, 444, 744, 5, 0, 18.66%, 0, 0, 14, 369.83, 2202208, 1164, 0, 0
6120, 18, 314, 744, 5, 0, 18.66%, 0, 0, 14, 371.20, 2204587, 1164, 0, 0
6125, 18, 735, 744, 5, 0, 18.66%, 0, 0, 14, 371.94, 2206451, 1164, 0, 0
6130, 18, 713, 744, 5, 0, 18.66%, 0, 0, 14, 370.66, 2208312, 1164, 0, 0
6135, 18, 509, 744, 5, 0, 18.66%, 0, 0, 14, 370.84, 2210182, 1164, 0, 0
6140, 18, 743, 745, 6, 0, 18.66%, 0, 0, 14, 370.34, 2212099, 1164, 0, 0
6145, 18, 743, 745, 6, 0, 18.66%, 0, 0, 14, 365.93, 2213940, 1164, 0, 0
6150, 18, 452, 745, 5, 0, 18.66%, 0, 0, 14, 369.09, 2215792, 1164, 0, 0
6155, 18, 573, 745, 5, 0, 18.66%, 0, 0, 14, 368.34, 2217655, 1164, 0, 0
6160, 18, 588, 745, 5, 0, 18.66%, 0, 0, 14, 368.01, 2219533, 1164, 0, 0
6165, 18, 107, 745, 5, 0, 18.66%, 0, 0, 14, 371.07, 2221391, 1164, 0, 0
6171, 18, 742, 746, 6, 0, 18.70%, 0, 0, 14, 371.83, 2223314, 1167, 0, 0
6176, 18, 590, 746, 5, 0, 18.70%, 0, 0, 14, 373.94, 2225211, 1167, 0, 0
6181, 18, 719, 746, 5, 0, 18.70%, 0, 0, 14, 375.22, 2227154, 1167, 0, 0
6186, 18, 263, 746, 5, 0, 18.70%, 0, 0, 14, 368.67, 2229063, 1167, 0, 0
6191, 18, 735, 746, 5, 0, 18.70%, 0, 0, 14, 373.10, 2231001, 1167, 0, 0
6196, 18, 613, 746, 5, 0, 18.70%, 0, 0, 14, 374.82, 2232944, 1167, 0, 0
6201, 18, 619, 746, 5, 0, 18.70%, 0, 0, 14, 372.68, 2234868, 1167, 0, 0
6207, 18, 603, 746, 5, 0, 18.70%, 0, 0, 14, 372.60, 2236805, 1167, 0, 0
6212, 18, 167, 746, 5, 0, 18.70%, 0, 0, 14, 372.41, 2238665, 1167, 0, 0
6218, 18, 698, 746, 5, 0, 18.70%, 0, 0, 14, 373.51, 2241148, 1167, 0, 0
6224, 18, 414, 746, 5, 0, 18.70%, 0, 0, 14, 367.80, 2243061, 1167, 0, 0
6229, 18, 744, 746, 5, 0, 18.70%, 0, 0, 14, 370.57, 2244987, 1167, 0, 0
6234, 18, 721, 746, 4, 0, 18.70%, 0, 0, 14, 355.68, 2246840, 1167, 0, 0
6239, 18, 321, 746, 3, 0, 18.70%, 0, 0, 14, 344.58, 2248547, 1167, 0, 0
6244, 18, 465, 746, 3, 0, 18.70%, 0, 0, 14, 365.45, 2250401, 1167, 0, 0
6249, 18, 498, 746, 3, 0, 18.70%, 0, 0, 14, 369.79, 2252323, 1167, 0, 0
6254, 18, 619, 746, 3, 0, 18.70%, 0, 0, 14, 372.64, 2254269, 1167, 0, 0
6260, 18, 560, 746, 3, 0, 18.70%, 0, 0, 14, 374.48, 2256201, 1167, 0, 0
6265, 18, 404, 746, 3, 0, 18.70%, 0, 0, 14, 372.57, 2258082, 1167, 0, 0
6271, 18, 177, 746, 3, 0, 18.70%, 0, 0, 14, 372.64, 2260309, 1167, 0, 0
6276, 18, 745, 747, 4, 0, 18.77%, 0, 0, 14, 374.81, 2262244, 1171, 0, 0
6281, 18, 590, 747, 3, 0, 18.77%, 0, 0, 14, 372.96, 2264180, 1171, 0, 0
6286, 18, 381, 747, 3, 0, 18.77%, 0, 0, 14, 374.81, 2266124, 1171, 0, 0
6291, 18, 595, 747, 3, 0, 18.77%, 0, 0, 14, 374.73, 2268067, 1171, 0, 0
6296, 18, 402, 747, 3, 0, 18.77%, 0, 0, 14, 374.29, 2269951, 1171, 0, 0
6301, 18, 98, 747, 3, 0, 18.77%, 0, 0, 14, 373.17, 2271827, 1171, 0, 0
6307, 18, 543, 747, 3, 0, 18.77%, 0, 0, 14, 366.75, 2273684, 1171, 0, 0
6312, 18, 498, 747, 3, 0, 18.77%, 0, 0, 14, 369.93, 2275607, 1171, 0, 0
6317, 18, 295, 747, 3, 0, 18.77%, 0, 0, 14, 372.18, 2277536, 1171, 0, 0
6322, 18, 619, 747, 3, 0, 18.77%, 0, 0, 14, 368.61, 2279404, 1171, 0, 0
6327, 18, 473, 747, 3, 0, 18.77%, 0, 0, 14, 370.70, 2281307, 1171, 0, 0
6332, 18, 104, 747, 3, 0, 18.77%, 0, 0, 14, 368.77, 2283172, 1171, 0, 0
6337, 18, 434, 747, 3, 0, 18.77%, 0, 0, 14, 367.84, 2285033, 1171, 0, 0
6342, 18, 617, 747, 3, 0, 18.77%, 0, 0, 14, 364.88, 2286863, 1171, 0, 0
6347, 18, 153, 747, 3, 0, 18.77%, 0, 0, 14, 366.35, 2288724, 1171, 0, 0
6353, 18, 249, 747, 3, 0, 18.77%, 0, 0, 14, 362.60, 2290619, 1171, 0, 0
6358, 18, 726, 747, 3, 0, 18.77%, 0, 0, 14, 370.68, 2292552, 1171, 0, 0
6363, 18, 404, 747, 3, 0, 18.77%, 0, 0, 14, 371.69, 2294411, 1171, 0, 0
6368, 18, 452, 747, 3, 0, 18.77%, 0, 0, 14, 373.17, 2296301, 1171, 0, 0
6373, 18, 573, 747, 3, 0, 18.77%, 0, 0, 14, 371.87, 2298168, 1171, 0, 0
6378, 18, 685, 747, 3, 0, 18.77%, 0, 0, 14, 366.39, 2300021, 1171, 0, 0
6383, 19, 635, 747, 3, 0, 18.77%, 0, 0, 14, 370.42, 2301902, 1171, 0, 0
6388, 19, 612, 747, 3, 0, 18.77%, 0, 0, 14, 372.49, 2303839, 1171, 0, 0
6393, 19, 501, 747, 3, 0, 18.77%, 0, 0, 14, 371.41, 2305776, 1171, 0, 0
6398, 19, 54, 747, 3, 0, 18.77%, 0, 0, 14, 373.68, 2307721, 1171, 0, 0
6404, 19, 440, 747, 3, 0, 18.77%, 0, 0, 14, 368.79, 2309608, 1171, 0, 0
6409, 19, 742, 747, 3, 0, 18.77%, 0, 0, 14, 369.98, 2311538, 1171, 0, 0
6414, 19, 430, 747, 3, 0, 18.77%, 0, 0, 14, 354.20, 2313306, 1171, 0, 0
6419, 19, 619, 747, 3, 0, 18.77%, 0, 0, 14, 366.63, 2315160, 1171, 0, 0
6424, 19, 533, 747, 3, 0, 18.77%, 0, 0, 14, 365.77, 2317004, 1171, 0, 0
6429, 19, 401, 747, 3, 0, 18.77%, 0, 0, 14, 366.12, 2318914, 1171, 0, 0
6434, 19, 167, 747, 3, 0, 18.77%, 0, 0, 14, 368.37, 2320773, 1171, 0, 0
6439, 19, 742, 747, 3, 0, 18.77%, 0, 0, 14, 359.83, 2322562, 1171, 0, 0
6444, 19, 437, 747, 3, 0, 18.77%, 0, 0, 14, 354.66, 2324360, 1171, 0, 0
6449, 19, 594, 747, 3, 0, 18.77%, 0, 0, 14, 350.73, 2326128, 1171, 0, 0
6454, 19, 659, 747, 3, 0, 18.77%, 0, 0, 14, 351.00, 2327879, 1171, 0, 0
6459, 19, 505, 747, 3, 0, 18.77%, 0, 0, 14, 362.68, 2329717, 1171, 0, 0
6464, 19, 162, 747, 3, 0, 18.77%, 0, 0, 14, 368.05, 2331573, 1171, 0, 0
6470, 19, 476, 747, 3, 0, 18.77%, 0, 0, 14, 368.75, 2333498, 1171, 0, 0
6476, 19, 230, 747, 3, 0, 18.77%, 0, 0, 14, 365.25, 2335918, 1171, 0, 0
6482, 19, 489, 747, 2, 0, 18.77%, 0, 0, 14, 361.84, 2337813, 1171, 0, 0
6487, 19, 746, 747, 2, 0, 18.77%, 0, 0, 14, 361.04, 2339653, 1171, 0, 0
6492, 19, 160, 747, 2, 0, 18.77%, 0, 0, 14, 366.00, 2341518, 1171, 0, 0
6497, 19, 745, 747, 2, 0, 18.77%, 0, 0, 14, 370.94, 2343441, 1171, 0, 0
6502, 19, 162, 747, 2, 0, 18.77%, 0, 0, 14, 369.00, 2345337, 1171, 0, 0
6507, 19, 377, 747, 2, 0, 18.77%, 0, 0, 14, 341.50, 2347045, 1171, 0, 0
6512, 19, 291, 747, 2, 0, 18.77%, 0, 0, 14, 333.70, 2348808, 1171, 0, 0
6517, 19, 239, 747, 2, 0, 18.77%, 0, 0, 14, 324.11, 2350426, 1171, 0, 0
6522, 19, 505, 747, 2, 0, 18.77%, 0, 0, 14, 346.63, 2352207, 1171, 0, 0
6528, 19, 258, 747, 2, 0, 18.77%, 0, 0, 14, 354.66, 2354062, 1171, 0, 0
6533, 19, 648, 747, 2, 0, 18.77%, 0, 0, 14, 360.94, 2355888, 1171, 0, 0
6538, 19, 145, 747, 2, 0, 18.77%, 0, 0, 14, 360.18, 2357678, 1171, 0, 0
6543, 19, 509, 747, 2, 0, 18.77%, 0, 0, 14, 357.22, 2359551, 1171, 0, 0
6548, 19, 520, 747, 2, 0, 18.77%, 0, 0, 14, 334.76, 2361211, 1171, 0, 0
6553, 19, 434, 747, 2, 0, 18.77%, 0, 0, 14, 337.71, 2362925, 1171, 0, 0
6558, 19, 617, 747, 2, 0, 18.77%, 0, 0, 14, 346.77, 2364685, 1171, 0, 0
6563, 19, 715, 747, 2, 0, 18.77%, 0, 0, 14, 346.34, 2366477, 1171, 0, 0
6570, 19, 366, 747, 2, 0, 18.77%, 0, 0, 14, 339.90, 2368796, 1171, 0, 0
6575, 19, 498, 747, 2, 0, 18.77%, 0, 0, 14, 346.92, 2370622, 1171, 0, 0
6580, 19, 619, 747, 2, 0, 18.77%, 0, 0, 14, 353.34, 2372398, 1171, 0, 0
6585, 19, 114, 747, 2, 0, 18.77%, 0, 0, 14, 350.91, 2374185, 1171, 0, 0
6590, 19, 258, 747, 2, 0, 18.77%, 0, 0, 14, 352.47, 2375998, 1171, 0, 0
6595, 19, 96, 747, 2, 0, 18.77%, 0, 0, 14, 334.79, 2377696, 1171, 0, 0
6601, 19, 563, 748, 3, 0, 18.79%, 0, 0, 14, 338.71, 2379471, 1172, 0, 0
6606, 19, 473, 748, 2, 0, 18.79%, 0, 0, 14, 339.29, 2381151, 1172, 0, 0
6611, 19, 603, 748, 2, 0, 18.79%, 0, 0, 14, 354.31, 2383009, 1172, 0, 0
6616, 19, 419, 748, 2, 0, 18.79%, 0, 0, 14, 354.84, 2384846, 1172, 0, 0
6621, 19, 603, 748, 2, 0, 18.79%, 0, 0, 14, 326.81, 2386451, 1172, 0, 0
6626, 19, 677, 748, 2, 0, 18.79%, 0, 0, 14, 330.99, 2388101, 1172, 0, 0
6631, 19, 436, 748, 2, 0, 18.79%, 0, 0, 14, 329.17, 2389801, 1172, 0, 0
6636, 19, 175, 749, 2, 0, 18.79%, 0, 0, 14, 336.78, 2391565, 1172, 0, 0
6641, 19, 443, 749, 2, 0, 18.79%, 0, 0, 14, 339.97, 2393271, 1172, 0, 0
6647, 19, 420, 749, 2, 0, 18.79%, 0, 0, 14, 339.64, 2395026, 1172, 0, 0
6652, 19, 604, 749, 2, 0, 18.79%, 0, 0, 14, 342.80, 2396888, 1172, 0, 0
6657, 19, 558, 749, 2, 0, 18.79%, 0, 0, 14, 343.57, 2398569, 1172, 0, 0
6662, 19, 288, 750, 3, 0, 18.79%, 0, 0, 14, 343.17, 2400353, 1172, 0, 0
6667, 19, 218, 750, 3, 0, 18.79%, 0, 0, 14, 324.30, 2402002, 1172, 0, 0
6672, 19, 434, 750, 3, 0, 18.79%, 0, 0, 14, 337.53, 2403704, 1172, 0, 0
6678, 19, 169, 750, 3, 0, 18.79%, 0, 0, 14, 338.65, 2405490, 1172, 0, 0
6683, 19, 548, 750, 3, 0, 18.79%, 0, 0, 14, 328.01, 2407129, 1172, 0, 0
6688, 19, 437, 750, 3, 0, 18.79%, 0, 0, 14, 339.56, 2408896, 1172, 0, 0
6693, 19, 402, 750, 3, 0, 18.79%, 0, 0, 14, 342.23, 2410629, 1172, 0, 0
6697, 19, 686, 750, 3, 0, 18.79%, 0, 0, 14, 342.82, 2412206, 1172, 0, 0
